Filas Densidad de menos a mas, columnas Beconing 1,2,5 y 10 HzPromedio PDR:
[[0.8398351212938393], [0.833027931587082], [0.835279799376015], [0.8390602581460929]]
[[0.9249374663694621], [0.9158491112008122], [0.8948623523738173], [0.8659219584316626]]
[[0.9643104731439684], [0.9322907552102441], [0.8821901810588139], [0.7917679752557646]]
[[0.9735807350442244], [0.9401133618675112], [0.8613031971726539], [0.6935028672800541]]
Promedio CBR:
[[0.0008564801412979579], [0.0020692838354582532], [0.004484571322378717], [0.00839805542547297]]
[[0.007257652992766848], [0.01479740560867525], [0.03581770292357496], [0.06894056961407442]]
[[0.016180515645476026], [0.032132450604375716], [0.07628323422930944], [0.1429284825917407]]
[[0.025820797137148938], [0.05083445022136422], [0.11653672154038018], [0.20144964393506615]]
STD PDR:
[[0.24847313780495364], [0.24507274110552205], [0.2648412571553357], [0.2650481561268557]]
[[0.19981123289181507], [0.17914893511178573], [0.1730297071183197], [0.16443636860998587]]
[[0.09791410444578248], [0.13413470977437697], [0.12008795737420055], [0.11027788219554681]]
[[0.0674511833889207], [0.06961261853546138], [0.060022199891299505], [0.05561574299952833]]
STD CBR:
[[0.0003140482638903985], [0.0009237114328346428], [0.0018158992207531256], [0.002750828128052261]]
[[0.0015596247383398583], [0.0036117443115187935], [0.007160372095188621], [0.016940723061039224]]
[[0.0026661411141264166], [0.005962765805301933], [0.012540982185638932], [0.022916030819449158]]
[[0.003238254262216188], [0.00691670261836849], [0.015303043313278695], [0.025888857762253616]]
