Filas Densidad de menos a mas, columnas Beconing 1,2,5 y 10 HzPromedio PDR:
[[0.8114704285488137], [], [], []]
[[], [], [], []]
[[], [], [], []]
[[], [], [], []]
Promedio CBR:
[[0.1433543192118711], [], [], []]
[[], [], [], []]
[[], [], [], []]
[[], [], [], []]
STD PDR:
[[0.1394927387864202], [], [], []]
[[], [], [], []]
[[], [], [], []]
[[], [], [], []]
STD CBR:
[[0.024839199783177997], [], [], []]
[[], [], [], []]
[[], [], [], []]
[[], [], [], []]
[33500.0, 33500.0, 33500.0, 33500.0, 33501.0, 33505.0, 33509.0, 33502.0, 33500.0, 33500.0, 33500.0, 33508.0, 33500.0, 33500.0, 33500.0, 33500.0, 33500.0, 33500.0, 33502.0, 33500.0, 33500.0, 33500.0, 33500.0, 33503.0, 33500.0, 33500.0, 33500.0, 33500.0, 33500.0, 33501.0, 33500.0, 33500.0, 33505.0, 33500.0, 33509.0, 33500.0, 33500.0, 33500.0, 33509.0, 33500.0, 33500.0, 33500.0, 33500.0, 33500.0, 33500.0, 33500.0, 33500.0, 33500.0, 33500.0, 33500.0, 33500.0, 33500.0, 33500.0, 33500.0, 33500.0, 33500.0, 33500.0, 33500.0, 33500.0, 33500.0, 33500.0, 33500.0, 33500.0, 33500.0, 33500.0, 33500.0, 33500.0, 33500.0, 33500.0, 33500.0, 33500.0, 33500.0, 33500.0, 33500.0, 33500.0, 33500.0, 33500.0, 33500.0, 33500.0, 33500.0, 33500.0, 33500.0, 33500.0, 33500.0, 33500.0, 33500.0, 33500.0, 33500.0, 33500.0, 33500.0, 33500.0, 33500.0, 33500.0, 33500.0, 33500.0, 33500.0, 33500.0, 33500.0, 33500.0, 33500.0, 33500.0, 33500.0, 33500.0, 33500.0, 33500.0, 33500.0, 33500.0, 33500.0, 33500.0, 33500.0, 33500.0, 33500.0, 33500.0, 33500.0, 33500.0, 33500.0, 33500.0, 33500.0, 33500.0, 33500.0, 33500.0, 33500.0, 33500.0, 33500.0, 33500.0, 33500.0, 33500.0, 33500.0, 33500.0, 33500.0, 33500.0, 33500.0, 33500.0, 33500.0, 33500.0, 33500.0, 33500.0, 33500.0, 33500.0, 33500.0, 33500.0, 33500.0, 33500.0, 33500.0, 33500.0, 33500.0, 33500.0, 33500.0, 33500.0, 33500.0, 33500.0, 33500.0, 33500.0, 33500.0, 33500.0, 33500.0, 33500.0, 33500.0, 33500.0, 33500.0, 33500.0, 33500.0, 33500.0, 33500.0, 33500.0, 33500.0, 33500.0, 33500.0, 33500.0, 33500.0, 33500.0, 33500.0, 33500.0, 33500.0, 33506.0, 33500.0, 33500.0, 33500.0, 33500.0, 33500.0, 33500.0, 33500.0, 33500.0, 33500.0, 33500.0, 33500.0, 33500.0, 33500.0, 33500.0, 33500.0, 33500.0, 33500.0, 33500.0, 33500.0, 33500.0, 33500.0, 33500.0, 33500.0, 33500.0, 33500.0, 33500.0, 33500.0, 33500.0, 33500.0, 33500.0, 33500.0, 33500.0, 33500.0, 33500.0, 33507.0, 33500.0, 33500.0, 33500.0, 33500.0, 33500.0, 33500.0, 33500.0, 33500.0, 33500.0, 33500.0, 33500.0, 33500.0, 33500.0, 33500.0, 33500.0, 33500.0, 33500.0, 33500.0, 33500.0, 33500.0, 33500.0, 33500.0, 33500.0, 33500.0, 33500.0, 33500.0, 33500.0, 33500.0, 33500.0, 33500.0, 33500.0, 33500.0, 33500.0, 33500.0, 33500.0, 33500.0, 33500.0, 33500.0, 33500.0, 33500.0, 33500.0, 33500.0, 33500.0, 33500.0, 33500.0, 33500.0, 33500.0, 33500.0, 33500.0, 33500.0, 33500.0, 33500.0, 33500.0, 33500.0, 33500.0, 33500.0, 33500.0, 33500.0, 33500.0, 33500.0, 33500.0, 33500.0, 33500.0, 33500.0, 33500.0, 33500.0, 33500.0, 33500.0, 33500.0, 33500.0, 33500.0, 33500.0, 33500.0, 33500.0, 33500.0, 33500.0, 33500.0, 33500.0, 33500.0, 33500.0, 33500.0, 33500.0, 33500.0, 33500.0, 33500.0, 33500.0, 33500.0, 33500.0, 33500.0, 33500.0, 33500.0, 33500.0, 33500.0, 33500.0, 33500.0, 33500.0, 33500.0, 33500.0, 33500.0, 33500.0, 33500.0, 33500.0, 33500.0, 33500.0, 33500.0, 33500.0, 33500.0, 33500.0, 33500.0, 33500.0, 33500.0, 33500.0, 33500.0, 33500.0, 33500.0, 33500.0, 33500.0, 33500.0, 33500.0, 33500.0, 33500.0, 33500.0, 33500.0, 33500.0, 33500.0, 33500.0, 33500.0, 33500.0, 33500.0, 33500.0, 33500.0, 33500.0, 33500.0, 33500.0, 33500.0, 33500.0, 33500.0, 33500.0, 33500.0, 33500.0, 33500.0, 33500.0, 33500.0, 33500.0, 33500.0, 33500.0, 33500.0, 33500.0, 33500.0, 33500.0, 33500.0, 33500.0, 33500.0, 33500.0, 33500.0, 33500.0, 33500.0, 33500.0, 33500.0, 33500.0, 33500.0, 33500.0, 33500.0, 33500.0, 33500.0, 33500.0, 33500.0]
[33505.0, 33506.0, 33507.0, 33508.0, 33509.0, 33510.0, 33510.0, 33510.0, 33510.0, 33510.0, 33510.0, 33510.0, 33510.0, 33510.0, 33510.0, 33510.0, 33510.0, 33510.0, 33510.0, 33510.0, 33510.0, 33510.0, 33510.0, 33510.0, 33510.0, 33510.0, 33510.0, 33510.0, 33510.0, 33510.0, 33510.0, 33510.0, 33510.0, 33510.0, 33510.0, 33510.0, 33510.0, 33510.0, 33510.0, 33510.0, 33510.0, 33510.0, 33510.0, 33510.0, 33510.0, 33510.0, 33510.0, 33510.0, 33510.0, 33510.0, 33510.0, 33510.0, 33510.0, 33510.0, 33510.0, 33510.0, 33510.0, 33510.0, 33510.0, 33510.0, 33510.0, 33510.0, 33510.0, 33510.0, 33510.0, 33510.0, 33510.0, 33510.0, 33510.0, 33510.0, 33510.0, 33510.0, 33510.0, 33510.0, 33510.0, 33510.0, 33510.0, 33510.0, 33510.0, 33510.0, 33510.0, 33510.0, 33510.0, 33510.0, 33510.0, 33510.0, 33510.0, 33510.0, 33510.0, 33510.0, 33510.0, 33510.0, 33510.0, 33510.0, 33510.0, 33510.0, 33510.0, 33510.0, 33510.0, 33510.0, 33510.0, 33510.0, 33510.0, 33510.0, 33510.0, 33510.0, 33510.0, 33510.0, 33510.0, 33510.0, 33510.0, 33510.0, 33510.0, 33510.0, 33510.0, 33510.0, 33510.0, 33510.0, 33510.0, 33510.0, 33510.0, 33510.0, 33510.0, 33510.0, 33510.0, 33510.0, 33510.0, 33510.0, 33510.0, 33510.0, 33510.0, 33510.0, 33510.0, 33510.0, 33510.0, 33510.0, 33510.0, 33510.0, 33510.0, 33510.0, 33510.0, 33510.0, 33510.0, 33510.0, 33510.0, 33510.0, 33510.0, 33510.0, 33510.0, 33510.0, 33510.0, 33510.0, 33510.0, 33510.0, 33510.0, 33510.0, 33510.0, 33510.0, 33510.0, 33510.0, 33510.0, 33510.0, 33510.0, 33510.0, 33510.0, 33510.0, 33510.0, 33510.0, 33510.0, 33510.0, 33510.0, 33510.0, 33510.0, 33510.0, 33510.0, 33510.0, 33510.0, 33510.0, 33510.0, 33510.0, 33510.0, 33510.0, 33510.0, 33510.0, 33510.0, 33510.0, 33510.0, 33510.0, 33510.0, 33510.0, 33510.0, 33510.0, 33510.0, 33510.0, 33510.0, 33510.0, 33510.0, 33510.0, 33510.0, 33510.0, 33510.0, 33510.0, 33510.0, 33510.0, 33510.0, 33510.0, 33510.0, 33510.0, 33510.0, 33510.0, 33510.0, 33510.0, 33510.0, 33510.0, 33510.0, 33510.0, 33510.0, 33510.0, 33510.0, 33510.0, 33510.0, 33510.0, 33510.0, 33510.0, 33510.0, 33510.0, 33510.0, 33510.0, 33510.0, 33510.0, 33510.0, 33510.0, 33510.0, 33510.0, 33510.0, 33510.0, 33510.0, 33510.0, 33510.0, 33510.0, 33510.0, 33510.0, 33510.0, 33510.0, 33510.0, 33510.0, 33510.0, 33510.0, 33510.0, 33510.0, 33510.0, 33510.0, 33510.0, 33510.0, 33510.0, 33510.0, 33510.0, 33510.0, 33510.0, 33510.0, 33510.0, 33510.0, 33510.0, 33510.0, 33510.0, 33510.0, 33510.0, 33510.0, 33510.0, 33510.0, 33510.0, 33510.0, 33510.0, 33510.0, 33510.0, 33510.0, 33510.0, 33510.0, 33510.0, 33510.0, 33510.0, 33510.0, 33510.0, 33510.0, 33510.0, 33510.0, 33510.0, 33510.0, 33510.0, 33510.0, 33510.0, 33510.0, 33510.0, 33510.0, 33510.0, 33510.0, 33510.0, 33510.0, 33510.0, 33510.0, 33510.0, 33510.0, 33510.0, 33510.0, 33510.0, 33510.0, 33510.0, 33510.0, 33510.0, 33510.0, 33510.0, 33510.0, 33510.0, 33510.0, 33510.0, 33510.0, 33510.0, 33510.0, 33510.0, 33510.0, 33510.0, 33510.0, 33510.0, 33510.0, 33510.0, 33510.0, 33510.0, 33510.0, 33510.0, 33510.0, 33510.0, 33510.0, 33510.0, 33510.0, 33510.0, 33510.0, 33510.0, 33510.0, 33510.0, 33510.0, 33510.0, 33510.0, 33510.0, 33510.0, 33510.0, 33510.0, 33510.0, 33510.0, 33510.0, 33510.0, 33510.0, 33510.0, 33510.0, 33510.0, 33510.0, 33510.0, 33510.0, 33510.0, 33510.0, 33510.0, 33510.0, 33510.0, 33510.0, 33510.0, 33510.0, 33510.0, 33510.0, 33510.0, 33510.0, 33510.0, 33510.0, 33510.0, 33510.0, 33510.0, 33510.0, 33510.0, 33510.0]
[1, 2, 4, 1, 4, 2, 4, 4, 4, 3, 3, 2, 2, 3, 3, 3, 3, 3, 2, 3, 3, 3, 2, 2, 3, 1, 1, 3, 1, 1, 1, 1, 1, 1, 4, 3, 3, 3, 4, 3, 4, 3, 3, 3, 3, 3, 1, 1, 1, 1, 1, 1, 1, 1, 1, 1, 1, 1, 1, 1, 1, 1, 1, 1, 1, 1, 1, 1, 1, 1, 1, 1, 1, 1, 1, 1, 1, 1, 1, 1, 1, 1, 1, 1, 1, 1, 1, 1, 1, 1, 1, 1, 1, 1, 1, 1, 1, 1, 1, 1, 1, 1, 1, 1, 1, 1, 1, 1, 1, 4, 1, 1, 1, 1, 1, 1, 1, 1, 1, 1, 1, 1, 1, 1, 1, 1, 1, 1, 1, 1, 1, 1, 1, 1, 1, 1, 1, 1, 1, 1, 1, 1, 1, 1, 1, 1, 1, 1, 1, 1, 1, 1, 1, 1, 1, 1, 1, 1, 1, 1, 1, 1, 1, 1, 1, 1, 1, 1, 1, 1, 1, 1, 1, 1, 1, 1, 1, 1, 1, 1, 1, 1, 1, 1, 1, 1, 1, 1, 1, 1, 1, 1, 1, 1, 1, 1, 1, 1, 1, 1, 1, 1, 1, 1, 1, 1, 1, 1, 1, 1, 1, 1, 1, 1, 1, 1, 1, 1, 4, 4, 4, 4, 4, 4, 4, 4, 4, 4, 4, 4, 4, 4, 4, 4, 4, 4, 4, 4, 4, 4, 4, 4, 4, 4, 4, 4, 4, 4, 4, 4, 4, 4, 4, 4, 4, 4, 4, 4, 4, 4, 4, 4, 4, 4, 4, 4, 4, 4, 4, 4, 4, 4, 4, 4, 4, 4, 4, 4, 4, 4, 4, 4, 4, 4, 4, 4, 4, 4, 4, 4, 4, 4, 4, 4, 4, 4, 4, 4, 4, 4, 4, 4, 4, 4, 4, 4, 4, 4, 4, 4, 4, 4, 4, 4, 4, 4, 4, 4, 4, 4, 4, 4, 4, 4, 4, 4, 4, 4, 4, 4, 4, 4, 4, 4, 4, 4, 4, 4, 4, 4, 4, 4, 4, 3, 4, 4, 4, 4, 4, 4, 4, 4, 4, 4, 4, 4, 4, 4, 4, 4, 4, 4, 4, 4, 4, 4, 4, 4, 4, 4, 4, 4, 4, 4, 4, 4, 4]
