Filas Densidad de menos a mas, columnas Beconing 1,2,5 y 10 HzPromedio PDR:
[[0.3503832647402553], [], [], []]
[[], [], [], []]
[[], [], [], []]
[[], [], [], []]
Promedio CBR:
[[0.28397130545488186], [], [], []]
[[], [], [], []]
[[], [], [], []]
[[], [], [], []]
STD PDR:
[[0.0325431563267192], [], [], []]
[[], [], [], []]
[[], [], [], []]
[[], [], [], []]
STD CBR:
[[0.0018108553282514708], [], [], []]
[[], [], [], []]
[[], [], [], []]
[[], [], [], []]
[38500.0, 38500.0, 38500.0, 38500.0, 38500.0, 38500.0, 38500.0, 38500.0, 38500.0, 38500.0, 38500.0, 38500.0, 38500.0, 38500.0, 38500.0, 38500.0, 38500.0, 38500.0, 38500.0, 38500.0, 38500.0, 38500.0, 38500.0, 38500.0, 38500.0, 38500.0, 38504.0, 38502.0, 38500.0, 38500.0, 38500.0, 38500.0, 38500.0, 38500.0, 38508.0, 38500.0, 38500.0, 38500.0, 38500.0, 38500.0, 38500.0, 38500.0, 38500.0, 38500.0, 38500.0, 38500.0, 38500.0, 38500.0, 38500.0, 38500.0, 38500.0, 38500.0, 38500.0, 38500.0, 38500.0, 38500.0, 38500.0, 38500.0, 38500.0, 38500.0, 38500.0, 38500.0, 38500.0, 38500.0, 38500.0, 38500.0, 38500.0, 38500.0, 38500.0, 38500.0, 38500.0, 38500.0, 38500.0, 38500.0, 38500.0, 38500.0, 38500.0, 38500.0, 38500.0, 38500.0, 38500.0, 38500.0, 38500.0, 38500.0, 38500.0, 38500.0, 38500.0, 38500.0, 38500.0, 38500.0, 38500.0, 38500.0, 38500.0, 38500.0, 38500.0, 38500.0, 38500.0, 38500.0, 38500.0, 38500.0, 38500.0, 38500.0, 38500.0, 38500.0, 38500.0, 38500.0, 38500.0, 38500.0, 38500.0, 38500.0, 38500.0, 38500.0, 38500.0, 38500.0, 38500.0, 38500.0, 38500.0, 38500.0, 38500.0, 38500.0, 38500.0, 38500.0, 38500.0, 38500.0, 38500.0, 38500.0, 38500.0, 38500.0, 38500.0, 38500.0, 38500.0, 38500.0, 38500.0, 38500.0, 38500.0, 38500.0, 38500.0, 38500.0, 38500.0, 38500.0, 38500.0, 38500.0, 38500.0, 38500.0, 38500.0, 38500.0, 38500.0, 38500.0, 38500.0, 38500.0, 38500.0, 38500.0, 38500.0, 38500.0, 38500.0, 38500.0, 38500.0, 38500.0, 38500.0, 38500.0, 38500.0, 38500.0, 38500.0, 38500.0, 38500.0, 38500.0, 38500.0, 38500.0, 38500.0, 38500.0, 38500.0, 38500.0, 38500.0, 38500.0, 38500.0, 38500.0, 38500.0, 38500.0, 38500.0, 38500.0, 38500.0, 38500.0, 38500.0, 38500.0, 38500.0, 38500.0, 38500.0, 38500.0, 38500.0, 38500.0, 38500.0, 38500.0, 38500.0, 38500.0, 38500.0, 38500.0, 38500.0, 38500.0, 38500.0, 38500.0, 38500.0, 38500.0, 38500.0, 38500.0, 38500.0, 38500.0, 38500.0, 38500.0, 38500.0, 38500.0, 38500.0, 38500.0, 38500.0, 38500.0, 38500.0, 38500.0, 38500.0, 38500.0, 38500.0, 38500.0, 38500.0, 38500.0, 38500.0, 38500.0, 38500.0, 38500.0, 38500.0, 38500.0, 38500.0, 38500.0, 38500.0, 38500.0, 38500.0, 38500.0, 38500.0, 38500.0, 38500.0, 38500.0, 38500.0, 38500.0, 38500.0, 38500.0, 38500.0, 38500.0, 38500.0, 38500.0, 38500.0, 38500.0, 38500.0, 38500.0, 38500.0, 38500.0, 38500.0, 38500.0, 38500.0, 38500.0, 38500.0, 38500.0, 38500.0, 38500.0, 38500.0, 38500.0, 38500.0, 38500.0, 38500.0, 38500.0, 38500.0, 38500.0, 38500.0, 38500.0, 38500.0, 38500.0, 38500.0, 38500.0, 38500.0, 38500.0, 38500.0, 38500.0, 38500.0, 38500.0, 38500.0, 38500.0, 38500.0, 38500.0, 38500.0, 38500.0, 38500.0, 38500.0, 38500.0, 38500.0, 38500.0, 38500.0, 38500.0, 38500.0, 38500.0, 38500.0, 38500.0, 38500.0, 38500.0, 38500.0, 38500.0, 38500.0, 38500.0, 38500.0, 38500.0, 38500.0, 38500.0, 38500.0, 38500.0, 38500.0, 38500.0, 38500.0, 38500.0, 38500.0, 38500.0, 38500.0, 38500.0, 38500.0, 38500.0, 38500.0, 38500.0, 38500.0, 38509.0, 38500.0, 38500.0, 38500.0, 38500.0, 38500.0, 38500.0, 38500.0, 38500.0, 38500.0, 38500.0, 38500.0, 38500.0, 38500.0, 38500.0, 38500.0, 38500.0, 38500.0, 38500.0, 38500.0, 38500.0, 38500.0, 38500.0, 38500.0, 38500.0, 38500.0, 38500.0, 38500.0, 38500.0, 38500.0, 38500.0, 38500.0, 38500.0, 38500.0, 38500.0, 38500.0, 38500.0, 38500.0, 38500.0, 38500.0, 38500.0, 38500.0, 38500.0, 38500.0, 38500.0, 38500.0, 38500.0, 38500.0, 38500.0, 38500.0, 38500.0, 38500.0, 38500.0, 38500.0, 38500.0, 38500.0, 38500.0, 38500.0, 38500.0, 38500.0, 38500.0, 38500.0, 38500.0, 38500.0, 38500.0, 38500.0, 38500.0, 38500.0, 38500.0, 38500.0, 38500.0, 38500.0, 38500.0, 38500.0, 38500.0, 38500.0, 38500.0, 38500.0, 38500.0, 38500.0, 38500.0, 38500.0, 38500.0, 38500.0, 38500.0, 38500.0, 38500.0, 38500.0, 38500.0, 38500.0, 38500.0, 38500.0, 38500.0, 38500.0, 38500.0, 38500.0, 38500.0, 38500.0, 38500.0, 38500.0, 38500.0, 38500.0, 38500.0, 38500.0, 38500.0, 38500.0, 38500.0, 38500.0, 38500.0, 38500.0, 38500.0, 38500.0, 38500.0, 38500.0, 38500.0, 38500.0, 38500.0, 38500.0, 38500.0, 38500.0, 38500.0, 38500.0, 38500.0, 38500.0, 38500.0, 38500.0, 38500.0, 38500.0, 38500.0, 38500.0, 38500.0, 38500.0, 38500.0, 38500.0, 38500.0, 38500.0, 38500.0, 38500.0, 38500.0, 38500.0, 38500.0, 38500.0, 38500.0, 38500.0, 38500.0, 38500.0, 38500.0, 38500.0, 38500.0, 38500.0, 38500.0, 38500.0, 38500.0, 38500.0, 38500.0, 38500.0, 38500.0, 38500.0, 38500.0, 38500.0, 38500.0, 38500.0, 38500.0, 38500.0, 38500.0, 38500.0, 38500.0, 38500.0, 38500.0, 38500.0, 38500.0, 38500.0, 38500.0, 38500.0, 38500.0, 38500.0, 38500.0, 38500.0, 38500.0, 38500.0, 38500.0, 38500.0, 38500.0, 38500.0, 38500.0, 38500.0, 38500.0, 38500.0, 38500.0, 38500.0, 38500.0, 38500.0, 38500.0, 38500.0, 38500.0, 38500.0, 38500.0, 38500.0, 38500.0, 38500.0, 38500.0, 38500.0, 38500.0, 38500.0, 38500.0, 38500.0, 38500.0, 38500.0, 38500.0, 38500.0, 38500.0, 38500.0, 38500.0, 38500.0, 38500.0, 38500.0, 38500.0, 38500.0, 38500.0, 38500.0, 38500.0, 38500.0, 38500.0, 38500.0, 38500.0, 38500.0, 38500.0, 38500.0, 38500.0, 38500.0, 38500.0, 38500.0, 38500.0, 38500.0, 38500.0]
[38502.0, 38502.0, 38505.0, 38507.0, 38508.0, 38509.0, 38510.0, 38510.0, 38510.0, 38510.0, 38510.0, 38510.0, 38510.0, 38510.0, 38510.0, 38510.0, 38510.0, 38510.0, 38510.0, 38510.0, 38510.0, 38510.0, 38510.0, 38510.0, 38510.0, 38510.0, 38510.0, 38510.0, 38510.0, 38510.0, 38510.0, 38510.0, 38510.0, 38510.0, 38510.0, 38510.0, 38510.0, 38510.0, 38510.0, 38510.0, 38510.0, 38510.0, 38510.0, 38510.0, 38510.0, 38510.0, 38510.0, 38510.0, 38510.0, 38510.0, 38510.0, 38510.0, 38510.0, 38510.0, 38510.0, 38510.0, 38510.0, 38510.0, 38510.0, 38510.0, 38510.0, 38510.0, 38510.0, 38510.0, 38510.0, 38510.0, 38510.0, 38510.0, 38510.0, 38510.0, 38510.0, 38510.0, 38510.0, 38510.0, 38510.0, 38510.0, 38510.0, 38510.0, 38510.0, 38510.0, 38510.0, 38510.0, 38510.0, 38510.0, 38510.0, 38510.0, 38510.0, 38510.0, 38510.0, 38510.0, 38510.0, 38510.0, 38510.0, 38510.0, 38510.0, 38510.0, 38510.0, 38510.0, 38510.0, 38510.0, 38510.0, 38510.0, 38510.0, 38510.0, 38510.0, 38510.0, 38510.0, 38510.0, 38510.0, 38510.0, 38510.0, 38510.0, 38510.0, 38510.0, 38510.0, 38510.0, 38510.0, 38510.0, 38510.0, 38510.0, 38510.0, 38510.0, 38510.0, 38510.0, 38510.0, 38510.0, 38510.0, 38510.0, 38510.0, 38510.0, 38510.0, 38510.0, 38510.0, 38510.0, 38510.0, 38510.0, 38510.0, 38510.0, 38510.0, 38510.0, 38510.0, 38510.0, 38510.0, 38510.0, 38510.0, 38510.0, 38510.0, 38510.0, 38510.0, 38510.0, 38510.0, 38510.0, 38510.0, 38510.0, 38510.0, 38510.0, 38510.0, 38510.0, 38510.0, 38510.0, 38510.0, 38510.0, 38510.0, 38510.0, 38510.0, 38510.0, 38510.0, 38510.0, 38510.0, 38510.0, 38510.0, 38510.0, 38510.0, 38510.0, 38510.0, 38510.0, 38510.0, 38510.0, 38510.0, 38510.0, 38510.0, 38510.0, 38510.0, 38510.0, 38510.0, 38510.0, 38510.0, 38510.0, 38510.0, 38510.0, 38510.0, 38510.0, 38510.0, 38510.0, 38510.0, 38510.0, 38510.0, 38510.0, 38510.0, 38510.0, 38510.0, 38510.0, 38510.0, 38510.0, 38510.0, 38510.0, 38510.0, 38510.0, 38510.0, 38510.0, 38510.0, 38510.0, 38510.0, 38510.0, 38510.0, 38510.0, 38510.0, 38510.0, 38510.0, 38510.0, 38510.0, 38510.0, 38510.0, 38510.0, 38510.0, 38510.0, 38510.0, 38510.0, 38510.0, 38510.0, 38510.0, 38510.0, 38510.0, 38510.0, 38510.0, 38510.0, 38510.0, 38510.0, 38510.0, 38510.0, 38510.0, 38510.0, 38510.0, 38510.0, 38510.0, 38510.0, 38510.0, 38510.0, 38510.0, 38510.0, 38510.0, 38510.0, 38510.0, 38510.0, 38510.0, 38510.0, 38510.0, 38510.0, 38510.0, 38510.0, 38510.0, 38510.0, 38510.0, 38510.0, 38510.0, 38510.0, 38510.0, 38510.0, 38510.0, 38510.0, 38510.0, 38510.0, 38510.0, 38510.0, 38510.0, 38510.0, 38510.0, 38510.0, 38510.0, 38510.0, 38510.0, 38510.0, 38510.0, 38510.0, 38510.0, 38510.0, 38510.0, 38510.0, 38510.0, 38510.0, 38510.0, 38510.0, 38510.0, 38510.0, 38510.0, 38510.0, 38510.0, 38510.0, 38510.0, 38510.0, 38510.0, 38510.0, 38510.0, 38510.0, 38510.0, 38510.0, 38510.0, 38510.0, 38510.0, 38510.0, 38510.0, 38510.0, 38510.0, 38510.0, 38510.0, 38510.0, 38510.0, 38510.0, 38510.0, 38510.0, 38510.0, 38510.0, 38510.0, 38510.0, 38510.0, 38510.0, 38510.0, 38510.0, 38510.0, 38510.0, 38510.0, 38510.0, 38510.0, 38510.0, 38510.0, 38510.0, 38510.0, 38510.0, 38510.0, 38510.0, 38510.0, 38510.0, 38510.0, 38510.0, 38510.0, 38510.0, 38510.0, 38510.0, 38510.0, 38510.0, 38510.0, 38510.0, 38510.0, 38510.0, 38510.0, 38510.0, 38510.0, 38510.0, 38510.0, 38510.0, 38510.0, 38510.0, 38510.0, 38510.0, 38510.0, 38510.0, 38510.0, 38510.0, 38510.0, 38510.0, 38510.0, 38510.0, 38510.0, 38510.0, 38510.0, 38510.0, 38510.0, 38510.0, 38510.0, 38510.0, 38510.0, 38510.0, 38510.0, 38510.0, 38510.0, 38510.0, 38510.0, 38510.0, 38510.0, 38510.0, 38510.0, 38510.0, 38510.0, 38510.0, 38510.0, 38510.0, 38510.0, 38510.0, 38510.0, 38510.0, 38510.0, 38510.0, 38510.0, 38510.0, 38510.0, 38510.0, 38510.0, 38510.0, 38510.0, 38510.0, 38510.0, 38510.0, 38510.0, 38510.0, 38510.0, 38510.0, 38510.0, 38510.0, 38510.0, 38510.0, 38510.0, 38510.0, 38510.0, 38510.0, 38510.0, 38510.0, 38510.0, 38510.0, 38510.0, 38510.0, 38510.0, 38510.0, 38510.0, 38510.0, 38510.0, 38510.0, 38510.0, 38510.0, 38510.0, 38510.0, 38510.0, 38510.0, 38510.0, 38510.0, 38510.0, 38510.0, 38510.0, 38510.0, 38510.0, 38510.0, 38510.0, 38510.0, 38510.0, 38510.0, 38510.0, 38510.0, 38510.0, 38510.0, 38510.0, 38510.0, 38510.0, 38510.0, 38510.0, 38510.0, 38510.0, 38510.0, 38510.0, 38510.0, 38510.0, 38510.0, 38510.0, 38510.0, 38510.0, 38510.0, 38510.0, 38510.0, 38510.0, 38510.0, 38510.0, 38510.0, 38510.0, 38510.0, 38510.0, 38510.0, 38510.0, 38510.0, 38510.0, 38510.0, 38510.0, 38510.0, 38510.0, 38510.0, 38510.0, 38510.0, 38510.0, 38510.0, 38510.0, 38510.0, 38510.0, 38510.0, 38510.0, 38510.0, 38510.0, 38510.0, 38510.0, 38510.0, 38510.0, 38510.0, 38510.0, 38510.0, 38510.0, 38510.0, 38510.0, 38510.0, 38510.0, 38510.0, 38510.0, 38510.0, 38510.0, 38510.0, 38510.0, 38510.0, 38510.0, 38510.0, 38510.0, 38510.0, 38510.0, 38510.0, 38510.0, 38510.0, 38510.0, 38510.0, 38510.0, 38510.0, 38510.0, 38510.0, 38510.0, 38510.0, 38510.0, 38510.0, 38510.0, 38510.0, 38510.0, 38510.0, 38510.0, 38510.0, 38510.0, 38510.0, 38510.0, 38510.0, 38510.0, 38510.0, 38510.0, 38510.0, 38510.0, 38510.0, 38510.0]
[4, 4, 4, 4, 4, 4, 4, 3, 3, 3, 3, 3, 3, 3, 3, 3, 3, 3, 4, 3, 4, 4, 4, 4, 4, 4, 4, 4, 3, 4, 3, 3, 3, 3, 4, 3, 3, 3, 3, 3, 4, 4, 4, 4, 4, 4, 4, 4, 4, 4, 4, 4, 4, 4, 4, 4, 4, 4, 4, 4, 4, 4, 4, 4, 4, 4, 4, 4, 4, 4, 4, 4, 4, 4, 4, 4, 4, 4, 4, 4, 4, 4, 4, 4, 4, 4, 4, 4, 4, 4, 4, 4, 4, 4, 4, 4, 4, 4, 4, 4, 4, 4, 4, 4, 4, 4, 4, 4, 4, 4, 4, 4, 4, 4, 4, 4, 4, 4, 4, 4, 4, 4, 4, 4, 4, 4, 4, 4, 4, 4, 4, 4, 4, 4, 4, 4, 4, 4, 4, 4, 4, 4, 4, 4, 4, 4, 4, 4, 4, 4, 4, 4, 4, 4, 4, 4, 4, 4, 4, 4, 4, 4, 4, 4, 4, 4, 4, 4, 4, 4, 4, 4, 4, 4, 4, 4, 4, 4, 4, 4, 4, 4, 4, 4, 4, 4, 4, 4, 4, 4, 4, 4, 4, 4, 4, 4, 4, 4, 4, 4, 4, 4, 4, 4, 4, 4, 4, 4, 4, 4, 4, 4, 4, 4, 4, 4, 4, 4, 4, 4, 4, 4, 4, 4, 4, 4, 4, 4, 4, 4, 4, 4, 4, 4, 4, 4, 4, 4, 4, 4, 4, 4, 4, 4, 4, 4, 4, 4, 4, 4, 4, 4, 4, 4, 4, 4, 4, 4, 4, 4, 4, 4, 4, 4, 4, 4, 4, 4, 4, 4, 4, 4, 4, 4, 4, 4, 4, 4, 4, 4, 4, 4, 4, 4, 4, 4, 4, 4, 4, 4, 4, 4, 4, 4, 4, 4, 4, 4, 4, 4, 4, 4, 4, 4, 4, 4, 4, 4, 4, 4, 4, 4, 4, 4, 4, 4, 4, 4, 4, 4, 4, 4, 4, 4, 4, 4, 4, 4, 4, 4, 4, 4, 4, 4, 4, 4, 4, 4, 4, 4, 4, 4, 4, 4, 4, 4, 4, 4, 4, 4, 4, 4, 4, 4, 4, 4, 4, 4, 4, 4, 4, 4, 4, 4, 4, 4, 4, 4, 4, 4, 4, 4, 4, 4, 4, 4, 4, 4, 4, 4, 4, 4, 4, 4, 4, 4, 4, 4, 4, 4, 4, 4, 4, 4, 4, 4, 4, 4, 4, 4, 4, 4, 4, 4, 4, 4, 4, 4, 4, 4, 4, 4, 4, 4, 4, 4, 4, 4, 4, 4, 4, 4, 4, 4, 4, 4, 4, 4, 4, 4, 4, 4, 4, 4, 4, 4, 4, 4, 4, 4, 4, 4, 4, 4, 4, 4, 4, 4, 4, 4, 4, 4, 4, 4, 4, 4, 4, 4, 4, 4, 4, 4, 4, 4, 4, 4, 4, 4, 4, 4, 4, 4, 4, 4, 4, 4, 4, 4, 4, 4, 4, 4, 4, 4, 4, 4, 4, 4, 4, 4, 4, 4, 4, 4, 4, 4, 4, 4, 4, 4, 4, 4, 4, 4, 3, 4, 4, 4, 4, 4, 4, 4, 4, 4, 4, 4, 4, 4, 4, 4, 4, 4, 4, 4, 4, 4, 4, 4, 4, 4, 4, 4, 4, 4, 4, 4, 4, 4, 4, 4, 4, 4, 4, 4, 4, 4, 4, 4, 4, 4, 4, 4, 4, 4, 4, 4, 4]
