Filas Densidad de menos a mas, columnas Beconing 1,2,5 y 10 Hz 
 Cálculo realizado con paquetes generados en la capa MAC 
Promedio PDR:
[[0.8607918263090678], [0.8607918263090678], [0.8607918263090678], [0.8607918263090678]]
[[0.9581780538302278], [0.9591097308488614], [0.9568892339544514], [0.9585274327122153]]
[[0.9561224489795919], [0.9558801020408163], [0.9519081632653063], [0.9529209183673469]]
[[0.98009162848813], [0.98009162848813], [0.977402748854644], [0.9728846314035818]]
Promedio CBR:
[[0.0027003641025641024], [0.005400728205128205], [0.013501820512820511], [0.027003641025641022]]
[[0.008510493513513514], [0.017044897297297294], [0.042547659360279856], [0.08519022994464925]]
[[0.01193834202898551], [0.02387068217046239], [0.05953798817482586], [0.11910768678639992]]
[[0.014906236613756615], [0.02981247322751323], [0.0744059090390114], [0.1482925937209033]]
STD PDR:
[[1.1102230246251565e-16], [1.1102230246251565e-16], [1.1102230246251565e-16], [1.1102230246251565e-16]]
[[0.0018633540372670952], [1.1102230246251565e-16], [0.003955697721264783], [0.0011645962732919292]]
[[0.0], [0.0004846938775510345], [0.006501177287418719], [0.0016769539691786086]]
[[1.1102230246251565e-16], [1.1102230246251565e-16], [0.005176092140942321], [0.005170933255446281]]
STD CBR:
[[0.0001273298928663533], [0.0002546597857327066], [0.0006366494643317663], [0.0012732989286635325]]
[[0.00048710127149768586], [0.0009705364678455523], [0.0024186144768593835], [0.004834564261103721]]
[[0.00015421612083868754], [0.00031262424670553513], [0.0008169727480575548], [0.001537844060225866]]
[[8.505898696461938e-05], [0.00017011797392923875], [0.0004691220029331616], [0.0010066448391535452]]
Número estimado real de paquetes enviados
[[87.0], [174.0], [435.0], [870.0]]
[[276.0], [552.0], [1380.0], [2760.0]]
[[392.0], [784.0], [1960.0], [3920.0]]
[[490.0], [980.0], [2450.0], [4900.0]]
Número deseado de paquetes enviados
[[90.0], [180.0], [450.0], [900.0]]
[[280.0], [560.0], [1400.0], [2800.0]]
[[400.0], [800.0], [2000.0], [4000.0]]
[[490.0], [980.0], [2450.0], [4900.0]]
Cálculo realizado con estimación de los paquetes enviados deseados 
 Promedio PBR:
[[0.8320987654320987], [0.8320987654320987], [0.8320987654320987], [0.8320987654320987]]
[[0.9444897959183673], [0.9454081632653061], [0.9432193877551021], [0.9448341836734693]]
[[0.937], [0.9367625], [0.93287], [0.9338625]]
[[0.98009162848813], [0.98009162848813], [0.977402748854644], [0.9728846314035818]]
STD PDR:
[[1.1102230246251565e-16], [1.1102230246251565e-16], [1.1102230246251565e-16], [1.1102230246251565e-16]]
[[0.001836734693877551], [0.0], [0.0038991877538181157], [0.0011479591836734302]]
[[0.0], [0.0004750000000000032], [0.006371153741670371], [0.0016434148897950492]]
[[1.1102230246251565e-16], [1.1102230246251565e-16], [0.005176092140942321], [0.005170933255446281]]
