Filas Densidad de menos a mas, columnas Beconing 1,2,5 y 10 HzPromedio PDR:
[[1.0], [], [], []]
[[], [], [], []]
[[], [], [], []]
[[], [], [], []]
Promedio CBR:
[[0.0056130496498599455], [], [], []]
[[], [], [], []]
[[], [], [], []]
[[], [], [], []]
STD PDR:
[[0.0], [], [], []]
[[], [], [], []]
[[], [], [], []]
[[], [], [], []]
STD CBR:
[[0.0018648481727473163], [], [], []]
[[], [], [], []]
[[], [], [], []]
[[], [], [], []]
[36000.0, 36000.0, 36000.0, 36000.0, 36005.0, 36000.0, 36000.0, 36000.0, 36000.0, 36000.0, 36000.0, 36000.0, 36000.0, 36000.0, 36000.0, 36000.0, 36000.0, 36000.0, 36000.0, 36000.0, 36000.0, 36000.0, 36000.0, 36000.0, 36000.0, 36000.0, 36003.0, 36000.0, 36000.0, 36000.0, 36000.0, 36006.0, 36000.0, 36000.0]
[36002.0, 36003.0, 36005.0, 36007.0, 36010.0, 36010.0, 36010.0, 36010.0, 36010.0, 36010.0, 36010.0, 36010.0, 36010.0, 36010.0, 36010.0, 36010.0, 36010.0, 36010.0, 36010.0, 36010.0, 36010.0, 36010.0, 36010.0, 36010.0, 36010.0, 36010.0, 36010.0, 36010.0, 36010.0, 36010.0, 36010.0, 36010.0, 36010.0, 36010.0]
[4, 4, 4, 4, 4, 3, 3, 3, 3, 3, 3, 3, 3, 3, 3, 1, 3, 3, 3, 3, 3, 3, 3, 3, 3, 3, 4, 1, 1, 4, 4, 4, 3, 3]
