Filas Densidad de menos a mas, columnas Beconing 1,2,5 y 10 HzPromedio PDR:
[[1.0], [], [], []]
[[], [], [], []]
[[], [], [], []]
[[], [], [], []]
Promedio CBR:
[[0.005584593700396825], [], [], []]
[[], [], [], []]
[[], [], [], []]
[[], [], [], []]
STD PDR:
[[0.0], [], [], []]
[[], [], [], []]
[[], [], [], []]
[[], [], [], []]
STD CBR:
[[0.0016923820230216957], [], [], []]
[[], [], [], []]
[[], [], [], []]
[[], [], [], []]
[28500.0, 28500.0, 28501.0, 28500.0, 28500.0, 28500.0, 28500.0, 28503.0, 28500.0, 28500.0, 28500.0, 28500.0, 28505.0, 28500.0, 28500.0, 28500.0, 28500.0, 28500.0, 28500.0, 28500.0, 28500.0, 28500.0, 28500.0, 28500.0, 28509.0, 28500.0, 28500.0, 28502.0, 28500.0, 28500.0, 28500.0, 28500.0, 28500.0, 28500.0, 28500.0, 28508.0, 28500.0, 28500.0, 28500.0, 28504.0, 28500.0, 28500.0, 28500.0, 28500.0, 28506.0, 28500.0, 28500.0, 28500.0]
[28502.0, 28502.0, 28505.0, 28505.0, 28505.0, 28505.0, 28506.0, 28507.0, 28507.0, 28508.0, 28510.0, 28510.0, 28510.0, 28510.0, 28510.0, 28510.0, 28510.0, 28510.0, 28510.0, 28510.0, 28510.0, 28510.0, 28510.0, 28510.0, 28510.0, 28510.0, 28510.0, 28510.0, 28510.0, 28510.0, 28510.0, 28510.0, 28510.0, 28510.0, 28510.0, 28510.0, 28510.0, 28510.0, 28510.0, 28510.0, 28510.0, 28510.0, 28510.0, 28510.0, 28510.0, 28510.0, 28510.0, 28510.0]
[4, 4, 4, 4, 1, 4, 2, 1, 4, 4, 4, 4, 4, 3, 3, 3, 3, 2, 3, 3, 2, 1, 1, 1, 1, 1, 1, 4, 4, 3, 3, 3, 3, 3, 3, 4, 3, 1, 1, 4, 4, 1, 4, 4, 4, 3, 3, 4]
