Filas Densidad de menos a mas, columnas Beconing 1,2,5 y 10 HzPromedio PDR:
[[0.9133887085659589], [0.8161346942586544], [0.8923320018332822], [0.8321552346347071]]
[[0.9921012916971417], [0.9868628916815784], [0.9819998862182521], [0.8419093142323053]]
[[0.9746073871064256], [0.9453276933265006], [0.8460677029373954], [0.5406153139854364]]
[[0.9775314625322509], [0.9346657739605664], [0.7107220327025489], [0.3283954997090765]]
Promedio CBR:
[[0.013645963138267355], [0.024858993127624747], [0.06815806834666926], [0.12700372164217266]]
[[0.05992367268021816], [0.11811305583948414], [0.3004044722231322], [0.5476165084140562]]
[[0.1114557432057542], [0.2185533825993645], [0.5109981349611102], [0.7664633588711365]]
[[0.16619372998338583], [0.3231227644296172], [0.6694738116932367], [0.8262012705460707]]
STD PDR:
[[0.04019233697465388], [0.06815769904958308], [0.1084255521504353], [0.035826661329035746]]
[[0.02627946244374583], [0.01532861825401545], [0.02503873749118952], [0.021606083449467888]]
[[0.008011225998604363], [0.01242736303879581], [0.017901642959185258], [0.009448711862353432]]
[[0.0037385753483510325], [0.012209757283069713], [0.00677824896782002], [0.0022047184213197716]]
STD CBR:
[[0.0024429755103145233], [0.005372585334929717], [0.01582187242566104], [0.02803604106194235]]
[[0.006758466940036085], [0.010167969192929983], [0.03143244053391312], [0.09767829659604772]]
[[0.005749627267732607], [0.014846653775049146], [0.03057649183353222], [0.05376003853379566]]
[[0.007393437825087057], [0.01754941391069622], [0.035094184294316835], [0.03584308712943016]]
