Filas Densidad de menos a mas, columnas Beconing 1,2,5 y 10 Hz 
 Cálculo realizado con paquetes generados en la capa MAC 
Promedio PDR:
[[0.9974583095272177], [0.9208366212999533], [1.0460589173679862], [1.1695209555750252]]
[[0.4319754443234004], [0.4739806253755957], [0.44933660908791995], [0.6466056011838697]]
[[0.2797217070404209], [0.3082684670541813], [0.3110922004373725], [0.32053191930747266]]
[[0.30546798594738245], [0.2360624934903373], [0.3117129542973323], [0.3272723934590164]]
Promedio CBR:
[[0.003500959935897436], [0.006539776741340067], [0.018493600562500004], [0.043391517540028006]]
[[0.0032783399339934003], [0.006831358974358975], [0.017697977400166667], [0.047170294349193995]]
[[0.00285582962962963], [0.006218190476190476], [0.01622876666666667], [0.03336165321409901]]
[[0.003891718487394958], [0.006316960396039605], [0.020794403846153848], [0.042070192792481476]]
STD PDR:
[[0.10197487388855006], [0.17300599777833986], [0.2347296160470672], [0.4238116751312046]]
[[0.12670444639465744], [0.183738243755011], [0.16485994486759334], [0.1061020044931175]]
[[0.05600990274038027], [0.027449519820375183], [0.06658726548625717], [0.05992337409480657]]
[[0.031788349536328676], [0.031965832475516626], [0.07425067646193775], [0.06034660434298811]]
STD CBR:
[[0.0015223180374006262], [0.003021444030747601], [0.007397369426089359], [0.02250203946326478]]
[[0.001781060984941179], [0.003695815452705079], [0.009620058362302083], [0.022831541478886146]]
[[0.0009885814887316197], [0.002372663973228486], [0.00810892274449024], [0.013503741967424326]]
[[0.0014856211714481728], [0.002592834485133676], [0.009694042276826513], [0.01961253222066423]]
Número estimado real de paquetes enviados
[[59.6], [109.6], [330.0], [698.0]]
[[59.2], [120.8], [293.0], [716.0]]
[[52.6], [120.8], [289.0], [594.0]]
[[69.4], [116.0], [365.0], [736.0]]
Número deseado de paquetes enviados
[[30.0], [60.0], [150.0], [300.0]]
[[60.0], [120.0], [300.0], [600.0]]
[[84.0], [168.0], [420.0], [840.0]]
[[111.0], [222.0], [555.0], [1110.0]]
Cálculo realizado con estimación de los paquetes enviados deseados 
 Promedio CBR:
[[1.9866666666666664], [1.732], [2.3713333333333333], [2.869466666666667]]
[[0.4536666666666667], [0.512], [0.47940000000000005], [0.7891833333333333]]
[[0.1826530612244898], [0.22465986394557827], [0.21921768707482991], [0.2297448979591837]]
[[0.19284149013878743], [0.12488434380326272], [0.21086924762600442], [0.22018991964937912]]
STD PDR:
[[0.2596065398936544], [0.5952911519211045], [0.8129551033113698], [1.4645200290728548]]
[[0.23063294551203123], [0.2908176213520922], [0.31764411602364756], [0.21645887728516836]]
[[0.0730211984508834], [0.05538424000061851], [0.07314783816960083], [0.056272536890304765]]
[[0.042130381606401084], [0.02655461410027952], [0.0777555596946133], [0.056957281479071205]]
