Filas Densidad de menos a mas, columnas Beconing 1,2,5 y 10 HzPromedio PDR:
[[1.0], [], [], []]
[[], [], [], []]
[[], [], [], []]
[[], [], [], []]
Promedio CBR:
[[0.004210918811668811], [], [], []]
[[], [], [], []]
[[], [], [], []]
[[], [], [], []]
STD PDR:
[[0.0], [], [], []]
[[], [], [], []]
[[], [], [], []]
[[], [], [], []]
STD CBR:
[[0.0010058165450692036], [], [], []]
[[], [], [], []]
[[], [], [], []]
[[], [], [], []]
[26000.0, 26000.0, 26000.0, 26003.0, 26000.0, 26000.0, 26000.0, 26000.0, 26000.0, 26000.0, 26000.0, 26000.0, 26000.0, 26000.0, 26000.0, 26005.0, 26000.0, 26000.0, 26000.0, 26000.0, 26000.0, 26000.0, 26000.0, 26008.0, 26000.0, 26006.0, 26005.0, 26000.0, 26003.0, 26004.0, 26000.0, 26000.0, 26007.0, 26007.0, 26000.0, 26004.0, 26000.0]
[26003.0, 26003.0, 26005.0, 26005.0, 26006.0, 26008.0, 26010.0, 26010.0, 26010.0, 26010.0, 26010.0, 26010.0, 26010.0, 26010.0, 26010.0, 26010.0, 26010.0, 26010.0, 26010.0, 26010.0, 26010.0, 26010.0, 26010.0, 26010.0, 26010.0, 26010.0, 26010.0, 26010.0, 26010.0, 26010.0, 26010.0, 26010.0, 26010.0, 26010.0, 26010.0, 26010.0, 26010.0]
[4, 1, 4, 4, 4, 1, 1, 4, 3, 3, 3, 3, 3, 3, 3, 1, 1, 1, 1, 4, 3, 3, 3, 4, 3, 3, 4, 3, 4, 1, 4, 4, 4, 4, 3, 4, 3]
