Filas Densidad de menos a mas, columnas Beconing 1,2,5 y 10 HzPromedio PDR:
[[1.0], [1.0], [0.9978793498954961], [0.9960819860260812]]
[[0.9919972937108325], [0.9770449498575693], [0.9627003899853416], [0.8952084656507031]]
[[0.9909813836452354], [0.9602173855054569], [0.9154492442579195], [0.8122214435843721]]
[[0.9809615853117126], [0.9488063660813131], [0.8744070390530573], [0.6964243859732352]]
Promedio CBR:
[[124.2], [261.3], [568.2], [1169.5]]
[[760.7], [1524.9], [3824.2], [7664.5]]
[[1610.2], [3262.6], [8121.1], [16243.8]]
[[2536.8], [5081.8], [12617.7], [25255.9]]
STD PDR:
[[0.0], [0.0], [0.005083709138579477], [0.008186174612838918]]
[[0.011445590384970353], [0.019337777566239497], [0.01669535628679062], [0.03270312294940898]]
[[0.00769646268354678], [0.0160186700884906], [0.027360798432098658], [0.031829481237557744]]
[[0.010331724747568145], [0.018835080465219676], [0.02737977024790725], [0.027240898978064126]]
STD CBR:
[[14.857994481086605], [55.413085097294484], [140.81960090839627], [130.61565756064624]]
[[26.933436468449397], [48.958043261552035], [117.372739594848], [330.56050883310303]]
[[39.89937342866427], [86.93698867570697], [198.02901302586955], [295.88267945251545]]
[[28.90605472907017], [69.10397962491017], [162.94357919230814], [249.50368734750194]]
