Filas Densidad de menos a mas, columnas Beconing 1,2,5 y 10 HzPromedio PDR:
[[1.0], [], [], []]
[[], [], [], []]
[[], [], [], []]
[[], [], [], []]
Promedio CBR:
[[0.005228510294117646], [], [], []]
[[], [], [], []]
[[], [], [], []]
[[], [], [], []]
STD PDR:
[[0.0], [], [], []]
[[], [], [], []]
[[], [], [], []]
[[], [], [], []]
STD CBR:
[[0.0022746978806432415], [], [], []]
[[], [], [], []]
[[], [], [], []]
[[], [], [], []]
[38500.0, 38500.0, 38502.0, 38500.0, 38500.0, 38500.0, 38500.0, 38500.0, 38500.0, 38500.0, 38500.0, 38500.0, 38500.0, 38500.0, 38500.0, 38500.0, 38500.0, 38500.0, 38500.0, 38500.0, 38500.0, 38500.0, 38500.0, 38500.0, 38500.0, 38500.0, 38500.0, 38500.0, 38500.0, 38500.0, 38509.0, 38500.0, 38500.0, 38500.0]
[38502.0, 38505.0, 38505.0, 38510.0, 38510.0, 38510.0, 38510.0, 38510.0, 38510.0, 38510.0, 38510.0, 38510.0, 38510.0, 38510.0, 38510.0, 38510.0, 38510.0, 38510.0, 38510.0, 38510.0, 38510.0, 38510.0, 38510.0, 38510.0, 38510.0, 38510.0, 38510.0, 38510.0, 38510.0, 38510.0, 38510.0, 38510.0, 38510.0, 38510.0]
[4, 4, 4, 3, 3, 3, 3, 3, 3, 3, 3, 3, 3, 3, 3, 2, 4, 3, 4, 3, 3, 3, 3, 3, 3, 3, 3, 3, 1, 4, 4, 3, 4, 4]
