Filas Densidad de menos a mas, columnas Beconing 1,2,5 y 10 HzPromedio PDR:
[[0.47183181080586634], [0.4181109485859854], [0.4582020510692649], [0.40956176214491197]]
[[0.8123100591387761], [0.7864384346568577], [0.6785431969431671], [0.41022087018855047]]
[[0.8515317601984129], [0.778761877208529], [0.46060462467152463], [0.14865230442603466]]
[[0.8681225895402633], [0.720787195572253], [0.2734290105318967], [0.07716560169116737]]
Promedio CBR:
[[0.006775891911320817], [0.012067621485329373], [0.033836543013203615], [0.05826894878759243]]
[[0.04749741518150778], [0.09322197750531656], [0.2113037701518184], [0.3183998158113482]]
[[0.0959243309169229], [0.1826042674996516], [0.329446068767605], [0.35628383967201704]]
[[0.14911594807601364], [0.26202742003974683], [0.3574648671753656], [0.36227116394061293]]
STD PDR:
[[0.047044002607217895], [0.03909699490089513], [0.058551491202574996], [0.03190919551967936]]
[[0.024545753473005392], [0.017292560658656243], [0.045217746545073684], [0.006635970046681062]]
[[0.009996643359253222], [0.01643067411632835], [0.0014177602175223412], [0.0022433392015727984]]
[[0.014680882412732356], [0.010911743044424991], [0.0006125808178049231], [0.0006495360907127144]]
STD CBR:
[[0.002675400018749349], [0.004722678141547438], [0.012973450518736235], [0.024164511910193868]]
[[0.013883192347729459], [0.02681145004658032], [0.06518537995348485], [0.09130301512245839]]
[[0.02193773639502871], [0.038966644601466205], [0.06923463965797244], [0.06753488038363044]]
[[0.021142243627710836], [0.03855789692699671], [0.049878468321180126], [0.04392882520247226]]
