Filas Densidad de menos a mas, columnas Beconing 1,2,5 y 10 HzPromedio PDR:
[[0.8628010262599027], [0.8588596456735594], [0.8408647787562579], [0.8378115271562594]]
[[0.8935834022468043], [0.883719094170653], [0.9111746490519927], [0.8570897631894395]]
[[0.9496781914760671], [0.926028318356899], [0.89911858822504], [0.7824706905747228]]
[[0.9732149364045741], [0.946656449269782], [0.8611170993580941], [0.6964006855456499]]
Promedio CBR:
[[0.0009297885452380953], [0.001861656982070981], [0.006624981090647248], [0.013699089670218975]]
[[0.006968018478342114], [0.013591161707736629], [0.03783346091742833], [0.07449354211819087]]
[[0.015702499591357527], [0.030852551198371842], [0.0779606294833167], [0.14381982852420971]]
[[0.025752390089900424], [0.05130008153431316], [0.11727904289432002], [0.20162834320319173]]
STD PDR:
[[0.2301325854337909], [0.2311996033530565], [0.2716331621243946], [0.2754871029731717]]
[[0.21480207534250792], [0.21899442655191176], [0.17298003926771208], [0.15812923707894158]]
[[0.15108622839384464], [0.15118787656828714], [0.1073025769016769], [0.09549497900179281]]
[[0.05683149702961439], [0.06944308010006922], [0.06755820394956671], [0.05210572682740195]]
STD CBR:
[[0.0003650802035480632], [0.0007352862433331727], [0.0024847755770698557], [0.0049261889854409265]]
[[0.0018214282178001578], [0.003154508817167499], [0.007508520123498131], [0.01462448782273498]]
[[0.002626762256338094], [0.0051524714010566745], [0.013249321092256808], [0.024523119303936438]]
[[0.0037571167657238437], [0.006172884764924531], [0.014852281288074505], [0.027317589647321002]]
