Filas Densidad de menos a mas, columnas Beconing 1,2,5 y 10 HzPromedio PDR:
[[1.0], [], [], []]
[[], [], [], []]
[[], [], [], []]
[[], [], [], []]
Promedio CBR:
[[0.005216993849206349], [], [], []]
[[], [], [], []]
[[], [], [], []]
[[], [], [], []]
STD PDR:
[[0.0], [], [], []]
[[], [], [], []]
[[], [], [], []]
[[], [], [], []]
STD CBR:
[[0.0012707909580848965], [], [], []]
[[], [], [], []]
[[], [], [], []]
[[], [], [], []]
[33500.0, 33500.0, 33500.0, 33500.0, 33500.0, 33500.0, 33506.0, 33500.0, 33500.0, 33500.0, 33500.0, 33500.0, 33500.0, 33500.0, 33500.0, 33500.0, 33500.0, 33500.0, 33500.0, 33500.0, 33500.0, 33500.0, 33500.0, 33509.0, 33502.0, 33500.0, 33500.0, 33500.0, 33500.0, 33500.0, 33500.0, 33500.0, 33500.0, 33508.0, 33504.0, 33500.0, 33500.0, 33500.0, 33500.0, 33501.0, 33500.0, 33500.0]
[33503.0, 33504.0, 33504.0, 33505.0, 33506.0, 33509.0, 33510.0, 33510.0, 33510.0, 33510.0, 33510.0, 33510.0, 33510.0, 33510.0, 33510.0, 33510.0, 33510.0, 33510.0, 33510.0, 33510.0, 33510.0, 33510.0, 33510.0, 33510.0, 33510.0, 33510.0, 33510.0, 33510.0, 33510.0, 33510.0, 33510.0, 33510.0, 33510.0, 33510.0, 33510.0, 33510.0, 33510.0, 33510.0, 33510.0, 33510.0, 33510.0, 33510.0]
[1, 1, 4, 4, 4, 4, 4, 4, 3, 3, 3, 3, 3, 3, 3, 2, 3, 3, 2, 3, 3, 1, 1, 1, 1, 3, 3, 3, 3, 3, 3, 3, 3, 4, 4, 3, 4, 4, 1, 4, 3, 4]
