Filas Densidad de menos a mas, columnas Beconing 1,2,5 y 10 HzPromedio PDR:
[[0.8426205974452508], [0.8346363751287217], [0.8365348498490423], [0.8386509781502812]]
[[0.9250858846267641], [0.915174909562228], [0.8949645836848171], [0.8652118413448525]]
[[0.9643965469237262], [0.9317178213338514], [0.8817768202837557], [0.7915821911472094]]
[[0.973585435517895], [0.9401257517417846], [0.8609911864270003], [0.6935028672800541]]
Promedio CBR:
[[0.0008108629833659593], [0.0019417118473023744], [0.004237779225826416], [0.008037132381497206]]
[[0.007186643313838577], [0.01465439606660042], [0.035403277492475814], [0.06792944586739608]]
[[0.01609128200302367], [0.031946944759751524], [0.07578504721957596], [0.1423176724733219]]
[[0.025770490030410168], [0.050744303608064784], [0.116440125861422], [0.20071925906130608]]
STD PDR:
[[0.24719133637632978], [0.24400765113997624], [0.2640469968457279], [0.2639293244910688]]
[[0.19964144404106765], [0.18091281013102958], [0.17281549503688104], [0.1665246490258682]]
[[0.09779442171763411], [0.13578566243048557], [0.12168447142322245], [0.11181391297234877]]
[[0.06743950172515666], [0.0696032614772331], [0.06220027121814096], [0.05561574299952833]]
STD CBR:
[[0.0002853472057689172], [0.0007943267856496094], [0.0015280508228279444], [0.0026319374150984964]]
[[0.001541265579230168], [0.0036452616217798484], [0.00700055153836065], [0.013769458476519201]]
[[0.0026361643536416254], [0.005754479378625986], [0.012210302834405171], [0.023237919615618274]]
[[0.0031685916050777454], [0.00676174006842133], [0.0154208747689443], [0.024406884309339322]]
