Filas Densidad de menos a mas, columnas Beconing 1,2,5 y 10 HzPromedio PDR:
[[0.8751277626868472], [], [], []]
[[], [], [], []]
[[], [], [], []]
[[], [], [], []]
Promedio CBR:
[[0.07237169888857195], [], [], []]
[[], [], [], []]
[[], [], [], []]
[[], [], [], []]
STD PDR:
[[0.14480337563657653], [], [], []]
[[], [], [], []]
[[], [], [], []]
[[], [], [], []]
STD CBR:
[[0.014181767139717564], [], [], []]
[[], [], [], []]
[[], [], [], []]
[[], [], [], []]
[28500.0, 28500.0, 28501.0, 28500.0, 28500.0, 28500.0, 28500.0, 28500.0, 28500.0, 28500.0, 28500.0, 28500.0, 28500.0, 28500.0, 28500.0, 28500.0, 28500.0, 28500.0, 28500.0, 28500.0, 28500.0, 28500.0, 28508.0, 28500.0, 28500.0, 28500.0, 28500.0, 28500.0, 28506.0, 28500.0, 28500.0, 28500.0, 28500.0, 28500.0, 28500.0, 28500.0, 28500.0, 28500.0, 28500.0, 28500.0, 28500.0, 28500.0, 28500.0, 28500.0, 28500.0, 28500.0, 28500.0, 28500.0, 28500.0, 28500.0, 28500.0, 28500.0, 28500.0, 28500.0, 28500.0, 28500.0, 28500.0, 28500.0, 28500.0, 28500.0, 28500.0, 28500.0, 28500.0, 28500.0, 28500.0, 28500.0, 28500.0, 28500.0, 28500.0, 28500.0, 28500.0, 28500.0, 28500.0, 28500.0, 28500.0, 28500.0, 28500.0, 28500.0, 28500.0, 28500.0, 28500.0, 28500.0, 28500.0, 28500.0, 28500.0, 28500.0, 28500.0, 28500.0, 28500.0, 28500.0, 28500.0, 28500.0, 28500.0, 28500.0, 28500.0, 28500.0, 28500.0, 28500.0, 28500.0, 28500.0, 28500.0, 28500.0, 28500.0, 28500.0, 28500.0, 28500.0, 28500.0, 28500.0, 28500.0, 28500.0, 28500.0, 28500.0, 28500.0, 28500.0, 28500.0, 28500.0, 28500.0, 28500.0, 28500.0, 28500.0, 28500.0, 28500.0, 28500.0, 28500.0, 28500.0, 28500.0, 28500.0, 28500.0, 28500.0, 28500.0, 28500.0, 28500.0, 28500.0, 28500.0, 28500.0, 28500.0, 28500.0, 28500.0, 28500.0, 28500.0, 28500.0, 28500.0, 28500.0, 28500.0, 28500.0, 28500.0, 28500.0, 28500.0, 28500.0, 28500.0, 28500.0, 28500.0, 28500.0, 28500.0, 28500.0, 28500.0, 28500.0, 28500.0, 28500.0, 28500.0, 28500.0, 28500.0, 28500.0, 28500.0, 28500.0, 28500.0, 28500.0, 28500.0, 28500.0, 28500.0, 28500.0, 28500.0, 28500.0, 28500.0, 28500.0, 28500.0, 28500.0, 28500.0, 28500.0, 28500.0, 28500.0, 28500.0, 28500.0, 28500.0, 28500.0, 28500.0, 28500.0, 28500.0, 28500.0, 28500.0, 28500.0, 28500.0, 28500.0, 28500.0]
[28507.0, 28507.0, 28509.0, 28509.0, 28510.0, 28510.0, 28510.0, 28510.0, 28510.0, 28510.0, 28510.0, 28510.0, 28510.0, 28510.0, 28510.0, 28510.0, 28510.0, 28510.0, 28510.0, 28510.0, 28510.0, 28510.0, 28510.0, 28510.0, 28510.0, 28510.0, 28510.0, 28510.0, 28510.0, 28510.0, 28510.0, 28510.0, 28510.0, 28510.0, 28510.0, 28510.0, 28510.0, 28510.0, 28510.0, 28510.0, 28510.0, 28510.0, 28510.0, 28510.0, 28510.0, 28510.0, 28510.0, 28510.0, 28510.0, 28510.0, 28510.0, 28510.0, 28510.0, 28510.0, 28510.0, 28510.0, 28510.0, 28510.0, 28510.0, 28510.0, 28510.0, 28510.0, 28510.0, 28510.0, 28510.0, 28510.0, 28510.0, 28510.0, 28510.0, 28510.0, 28510.0, 28510.0, 28510.0, 28510.0, 28510.0, 28510.0, 28510.0, 28510.0, 28510.0, 28510.0, 28510.0, 28510.0, 28510.0, 28510.0, 28510.0, 28510.0, 28510.0, 28510.0, 28510.0, 28510.0, 28510.0, 28510.0, 28510.0, 28510.0, 28510.0, 28510.0, 28510.0, 28510.0, 28510.0, 28510.0, 28510.0, 28510.0, 28510.0, 28510.0, 28510.0, 28510.0, 28510.0, 28510.0, 28510.0, 28510.0, 28510.0, 28510.0, 28510.0, 28510.0, 28510.0, 28510.0, 28510.0, 28510.0, 28510.0, 28510.0, 28510.0, 28510.0, 28510.0, 28510.0, 28510.0, 28510.0, 28510.0, 28510.0, 28510.0, 28510.0, 28510.0, 28510.0, 28510.0, 28510.0, 28510.0, 28510.0, 28510.0, 28510.0, 28510.0, 28510.0, 28510.0, 28510.0, 28510.0, 28510.0, 28510.0, 28510.0, 28510.0, 28510.0, 28510.0, 28510.0, 28510.0, 28510.0, 28510.0, 28510.0, 28510.0, 28510.0, 28510.0, 28510.0, 28510.0, 28510.0, 28510.0, 28510.0, 28510.0, 28510.0, 28510.0, 28510.0, 28510.0, 28510.0, 28510.0, 28510.0, 28510.0, 28510.0, 28510.0, 28510.0, 28510.0, 28510.0, 28510.0, 28510.0, 28510.0, 28510.0, 28510.0, 28510.0, 28510.0, 28510.0, 28510.0, 28510.0, 28510.0, 28510.0, 28510.0, 28510.0, 28510.0, 28510.0, 28510.0, 28510.0]
[2, 2, 4, 4, 4, 3, 3, 3, 3, 2, 3, 3, 1, 1, 1, 1, 1, 1, 1, 1, 1, 4, 4, 3, 3, 3, 3, 3, 4, 3, 1, 1, 1, 1, 1, 1, 1, 1, 1, 1, 1, 1, 1, 1, 1, 1, 1, 1, 1, 1, 1, 1, 1, 1, 1, 1, 1, 1, 4, 1, 1, 1, 1, 1, 1, 1, 1, 1, 1, 1, 1, 1, 1, 1, 1, 1, 1, 1, 1, 1, 1, 1, 1, 1, 1, 1, 1, 1, 1, 1, 1, 1, 1, 1, 1, 1, 1, 1, 1, 1, 1, 1, 1, 1, 1, 1, 1, 1, 1, 1, 1, 1, 1, 1, 1, 1, 1, 1, 1, 1, 4, 4, 4, 4, 4, 4, 4, 4, 4, 4, 4, 4, 4, 4, 4, 4, 4, 4, 4, 4, 4, 4, 4, 3, 4, 4, 4, 4, 4, 4, 4, 4, 4, 4, 4, 4, 4, 4, 4, 4, 4, 4, 4, 4, 4, 4, 4, 4, 3, 4, 4, 4, 4, 4, 4, 4, 4, 4, 4, 4, 4, 4, 4, 4, 4, 4, 3, 4, 4, 4, 4, 4, 4, 4]
