[20595.0, 20595.0, 20597.7, 20595.0, 20599.1, 20595.0, 20595.0, 20595.0, 20595.0, 20595.0, 20595.0, 20600.7, 20595.0]
[20597.3, 20601.1, 20605.0, 20605.0, 20605.0, 20605.0, 20605.0, 20605.0, 20605.0, 20605.0, 20605.0, 20605.0, 20605.0]
[1, 1, 4, 3, 3, 3, 3, 1, 4, 3, 4, 4, 4]
[20595.0, 20595.0, 20595.0, 20595.0, 20597.9, 20595.0, 20595.0, 20595.0, 20595.0, 20595.0, 20595.0, 20595.0, 20595.0, 20595.0, 20595.0, 20595.0, 20602.0, 20595.0, 20605.0, 20599.2, 20595.0, 20595.0]
[20595.3, 20596.4, 20598.8, 20599.1, 20600.1, 20600.8, 20603.5, 20604.1, 20604.3, 20605.0, 20605.0, 20605.0, 20605.0, 20605.0, 20605.0, 20605.0, 20605.0, 20605.0, 20605.0, 20605.0, 20605.0, 20605.0]
[4, 4, 3, 4, 4, 4, 1, 1, 1, 4, 3, 3, 2, 1, 1, 1, 4, 4, 1, 4, 4, 4]
[20595.0, 20595.0, 20595.0, 20595.0, 20595.0, 20595.0, 20595.0, 20595.0, 20595.0, 20596.2, 20595.0, 20603.2, 20595.0, 20595.0, 20595.0, 20595.0, 20595.0, 20595.0, 20595.0]
[20598.2, 20599.1, 20600.4, 20601.1, 20601.2, 20602.5, 20604.0, 20605.0, 20605.0, 20605.0, 20605.0, 20605.0, 20605.0, 20605.0, 20605.0, 20605.0, 20605.0, 20605.0, 20605.0]
[1, 4, 4, 4, 4, 4, 4, 3, 3, 1, 4, 1, 1, 1, 1, 1, 4, 4, 4]
[20595.0, 20595.0, 20595.0, 20595.0, 20597.0, 20595.0, 20602.7, 20601.8, 20595.0, 20595.0, 20595.0, 20598.6, 20595.0, 20595.0, 20595.0, 20595.0, 20595.0, 20595.0, 20595.0, 20595.0, 20595.0, 20595.0, 20604.7]
[20595.6, 20595.7, 20596.4, 20597.0, 20599.3, 20601.2, 20603.5, 20604.1, 20605.0, 20605.0, 20605.0, 20605.0, 20605.0, 20605.0, 20605.0, 20605.0, 20605.0, 20605.0, 20605.0, 20605.0, 20605.0, 20605.0, 20605.0]
[4, 4, 4, 1, 1, 1, 4, 4, 4, 3, 3, 3, 3, 3, 2, 4, 4, 1, 4, 3, 3, 3, 4]
[22326.0, 22326.0, 22326.0, 22326.0, 22326.0, 22326.0, 22326.0, 22326.0, 22333.6, 22326.0, 22326.0, 22326.0, 22326.0, 22326.0, 22326.0, 22330.7, 22326.0, 22326.0, 22326.0, 22334.6, 22326.0, 22326.0, 22326.0, 22326.2, 22335.7]
[22327.9, 22329.4, 22329.7, 22330.8, 22332.3, 22336.0, 22336.0, 22336.0, 22336.0, 22336.0, 22336.0, 22336.0, 22336.0, 22336.0, 22336.0, 22336.0, 22336.0, 22336.0, 22336.0, 22336.0, 22336.0, 22336.0, 22336.0, 22336.0, 22336.0]
[4, 1, 4, 1, 4, 3, 3, 3, 1, 1, 1, 1, 3, 3, 1, 4, 4, 4, 3, 4, 4, 4, 4, 4, 4]
[22326.0, 22335.0, 22329.0, 22326.0, 22332.2, 22326.0, 22326.0, 22326.0, 22326.0, 22326.0, 22326.0, 22326.0, 22326.0, 22326.0, 22326.0, 22326.0, 22335.1, 22326.0, 22326.0, 22334.9, 22326.0, 22326.0, 22329.6, 22326.0, 22326.0, 22326.0, 22326.0, 22326.0, 22326.0, 22330.7, 22328.5, 22326.0, 22326.0, 22326.0, 22332.9, 22326.0]
[22334.9, 22336.0, 22336.0, 22336.0, 22336.0, 22336.0, 22336.0, 22336.0, 22336.0, 22336.0, 22336.0, 22336.0, 22336.0, 22336.0, 22336.0, 22336.0, 22336.0, 22336.0, 22336.0, 22336.0, 22336.0, 22336.0, 22336.0, 22336.0, 22336.0, 22336.0, 22336.0, 22336.0, 22336.0, 22336.0, 22336.0, 22336.0, 22336.0, 22336.0, 22336.0, 22336.0]
[1, 4, 4, 4, 4, 3, 3, 3, 3, 3, 1, 1, 1, 1, 1, 1, 4, 3, 3, 4, 1, 3, 4, 1, 4, 3, 3, 4, 4, 4, 4, 4, 4, 4, 4, 4]
[22326.0, 22326.0, 22326.0, 22326.0, 22326.0, 22326.0, 22326.0, 22326.0, 22326.0, 22326.0, 22326.0, 22326.0, 22326.0, 22326.0, 22326.0, 22326.0, 22326.0, 22326.0, 22326.0, 22326.0, 22326.0, 22326.0, 22326.0, 22326.0, 22326.0, 22328.4, 22326.0, 22326.0, 22326.0, 22326.0, 22326.0, 22329.7, 22326.0, 22326.0, 22326.0, 22326.0, 22326.0, 22331.6, 22326.0, 22326.0, 22326.0, 22326.0, 22326.0, 22326.0, 22326.0, 22326.0, 22328.5, 22326.0]
[22326.8, 22327.3, 22328.6, 22330.4, 22333.1, 22334.5, 22335.4, 22335.8, 22336.0, 22336.0, 22336.0, 22336.0, 22336.0, 22336.0, 22336.0, 22336.0, 22336.0, 22336.0, 22336.0, 22336.0, 22336.0, 22336.0, 22336.0, 22336.0, 22336.0, 22336.0, 22336.0, 22336.0, 22336.0, 22336.0, 22336.0, 22336.0, 22336.0, 22336.0, 22336.0, 22336.0, 22336.0, 22336.0, 22336.0, 22336.0, 22336.0, 22336.0, 22336.0, 22336.0, 22336.0, 22336.0, 22336.0, 22336.0]
[4, 4, 4, 4, 1, 1, 3, 4, 4, 4, 3, 3, 3, 1, 1, 1, 1, 4, 4, 4, 3, 3, 3, 4, 4, 4, 1, 1, 4, 3, 4, 4, 4, 4, 4, 4, 4, 4, 4, 4, 4, 4, 4, 4, 4, 4, 4, 4]
[22326.0, 22326.0, 22326.4, 22326.0, 22333.2, 22326.0, 22326.0, 22326.0, 22326.0, 22326.0, 22326.0, 22326.0, 22326.0, 22326.0, 22326.0, 22330.4, 22326.0, 22326.0, 22326.0, 22333.3, 22334.4, 22326.0, 22326.0, 22326.0, 22326.0, 22326.0, 22326.0, 22326.0, 22326.0, 22326.0, 22326.0, 22326.0, 22326.0, 22326.0, 22326.0, 22326.0]
[22326.1, 22327.4, 22328.7, 22336.0, 22336.0, 22336.0, 22336.0, 22336.0, 22336.0, 22336.0, 22336.0, 22336.0, 22336.0, 22336.0, 22336.0, 22336.0, 22336.0, 22336.0, 22336.0, 22336.0, 22336.0, 22336.0, 22336.0, 22336.0, 22336.0, 22336.0, 22336.0, 22336.0, 22336.0, 22336.0, 22336.0, 22336.0, 22336.0, 22336.0, 22336.0, 22336.0]
[2, 4, 4, 4, 4, 3, 3, 1, 1, 1, 1, 1, 1, 1, 4, 4, 4, 3, 4, 4, 4, 4, 1, 1, 1, 4, 4, 1, 4, 4, 4, 4, 4, 4, 4, 4]
[22109.0, 22109.0, 22109.0, 22109.0, 22109.0, 22111.4, 22109.0, 22114.5, 22109.0, 22109.0, 22109.0, 22109.0, 22109.0, 22109.0, 22109.0, 22109.0, 22109.0, 22109.0, 22109.0, 22109.0, 22112.3, 22109.0, 22109.0, 22113.7, 22109.0, 22109.0, 22109.0, 22118.0, 22109.0, 22109.0, 22118.6, 22109.0, 22109.0, 22118.6, 22109.0, 22109.0, 22109.0, 22109.0]
[22109.1, 22109.6, 22109.8, 22112.8, 22114.1, 22115.1, 22116.7, 22117.3, 22118.0, 22119.0, 22119.0, 22119.0, 22119.0, 22119.0, 22119.0, 22119.0, 22119.0, 22119.0, 22119.0, 22119.0, 22119.0, 22119.0, 22119.0, 22119.0, 22119.0, 22119.0, 22119.0, 22119.0, 22119.0, 22119.0, 22119.0, 22119.0, 22119.0, 22119.0, 22119.0, 22119.0, 22119.0, 22119.0]
[2, 1, 4, 4, 1, 1, 1, 1, 4, 4, 4, 3, 3, 3, 2, 3, 3, 2, 3, 1, 1, 1, 1, 4, 4, 4, 3, 1, 3, 1, 4, 3, 3, 3, 4, 4, 4, 4]
[22109.0, 22109.0, 22109.0, 22109.0, 22109.0, 22109.0, 22109.0, 22109.0, 22109.0, 22109.0, 22114.8, 22109.0, 22109.0, 22109.0, 22109.0, 22109.0, 22109.0, 22109.0, 22109.0, 22113.8, 22115.6, 22109.0, 22109.0, 22114.7, 22109.0, 22112.1, 22116.4, 22109.0, 22111.7, 22109.0, 22109.0, 22113.6, 22109.0, 22116.7, 22109.0, 22109.0, 22117.5, 22109.0, 22109.0, 22109.0, 22109.0, 22109.0, 22109.0, 22109.0, 22109.0, 22109.0, 22109.0, 22109.0, 22109.0, 22118.6, 22109.0, 22109.0]
[22109.8, 22111.7, 22112.2, 22118.0, 22118.1, 22119.0, 22119.0, 22119.0, 22119.0, 22119.0, 22119.0, 22119.0, 22119.0, 22119.0, 22119.0, 22119.0, 22119.0, 22119.0, 22119.0, 22119.0, 22119.0, 22119.0, 22119.0, 22119.0, 22119.0, 22119.0, 22119.0, 22119.0, 22119.0, 22119.0, 22119.0, 22119.0, 22119.0, 22119.0, 22119.0, 22119.0, 22119.0, 22119.0, 22119.0, 22119.0, 22119.0, 22119.0, 22119.0, 22119.0, 22119.0, 22119.0, 22119.0, 22119.0, 22119.0, 22119.0, 22119.0, 22119.0]
[4, 1, 2, 4, 1, 4, 4, 3, 3, 3, 2, 3, 2, 3, 3, 3, 2, 3, 1, 1, 1, 1, 1, 1, 1, 4, 4, 4, 4, 3, 4, 1, 3, 4, 1, 4, 1, 1, 1, 4, 4, 4, 4, 4, 4, 4, 4, 4, 4, 4, 4, 4]
[22109.0, 22109.0, 22109.0, 22109.0, 22109.0, 22111.4, 22112.6, 22109.0, 22109.0, 22109.0, 22109.0, 22118.9, 22109.0, 22109.0, 22109.0, 22109.0, 22109.0, 22109.0, 22109.0, 22118.7, 22109.0, 22109.0, 22109.0, 22109.0, 22111.7, 22115.3, 22116.9, 22109.0, 22109.0, 22111.6, 22109.0, 22109.0, 22109.9, 22109.0, 22111.3, 22109.0, 22109.0, 22109.0, 22109.0, 22109.0, 22115.9, 22109.0]
[22109.3, 22109.8, 22110.1, 22111.8, 22115.6, 22115.7, 22117.0, 22117.4, 22119.0, 22119.0, 22119.0, 22119.0, 22119.0, 22119.0, 22119.0, 22119.0, 22119.0, 22119.0, 22119.0, 22119.0, 22119.0, 22119.0, 22119.0, 22119.0, 22119.0, 22119.0, 22119.0, 22119.0, 22119.0, 22119.0, 22119.0, 22119.0, 22119.0, 22119.0, 22119.0, 22119.0, 22119.0, 22119.0, 22119.0, 22119.0, 22119.0, 22119.0]
[1, 2, 1, 4, 1, 1, 4, 4, 1, 4, 3, 2, 3, 3, 2, 3, 3, 1, 1, 1, 1, 1, 1, 1, 4, 4, 4, 3, 3, 1, 1, 3, 3, 4, 1, 3, 4, 4, 4, 4, 3, 4]
[22109.0, 22109.0, 22109.0, 22109.0, 22109.0, 22109.0, 22109.0, 22109.0, 22111.2, 22109.0, 22109.0, 22109.0, 22109.0, 22109.0, 22116.2, 22109.0, 22109.0, 22110.4, 22109.0, 22109.0, 22111.9, 22109.0, 22109.0, 22116.9, 22109.0, 22109.0, 22109.0, 22116.7, 22113.6, 22109.0]
[22109.3, 22110.5, 22112.3, 22113.3, 22114.7, 22119.0, 22119.0, 22119.0, 22119.0, 22119.0, 22119.0, 22119.0, 22119.0, 22119.0, 22119.0, 22119.0, 22119.0, 22119.0, 22119.0, 22119.0, 22119.0, 22119.0, 22119.0, 22119.0, 22119.0, 22119.0, 22119.0, 22119.0, 22119.0, 22119.0]
[3, 1, 2, 2, 4, 1, 4, 3, 2, 3, 3, 2, 3, 3, 1, 1, 1, 1, 1, 1, 4, 4, 3, 1, 1, 1, 4, 4, 4, 4]
[23912.0, 23917.1, 23912.0, 23912.0, 23918.1, 23912.0, 23912.0, 23912.0, 23912.0, 23912.0, 23912.0, 23912.0, 23912.0, 23916.4, 23912.0, 23912.0, 23912.0, 23920.8, 23912.0, 23912.0, 23912.0, 23912.0, 23912.0, 23912.0, 23912.0, 23918.3, 23912.0, 23912.0, 23912.0, 23912.0, 23912.0, 23912.0, 23912.0, 23912.0, 23919.1, 23912.0, 23912.0, 23912.0, 23912.0, 23912.0, 23912.0, 23912.0, 23912.0, 23912.0, 23912.0, 23912.0, 23919.7, 23912.0, 23912.0, 23912.0, 23912.0, 23912.0, 23912.0, 23912.0, 23912.0, 23912.0, 23912.0, 23912.0, 23912.0, 23912.0, 23912.0, 23912.0, 23912.0, 23912.0, 23912.0, 23912.0, 23912.0, 23912.0, 23912.0, 23912.0, 23912.0, 23912.0, 23912.0, 23912.0, 23912.0, 23912.0, 23912.0, 23912.0, 23912.0, 23912.0, 23912.0, 23912.0, 23912.0, 23912.0, 23912.0, 23912.0, 23912.0, 23912.0, 23912.0, 23912.0, 23921.2, 23912.0, 23912.0, 23912.0, 23912.0]
[23914.2, 23919.8, 23922.0, 23922.0, 23922.0, 23922.0, 23922.0, 23922.0, 23922.0, 23922.0, 23922.0, 23922.0, 23922.0, 23922.0, 23922.0, 23922.0, 23922.0, 23922.0, 23922.0, 23922.0, 23922.0, 23922.0, 23922.0, 23922.0, 23922.0, 23922.0, 23922.0, 23922.0, 23922.0, 23922.0, 23922.0, 23922.0, 23922.0, 23922.0, 23922.0, 23922.0, 23922.0, 23922.0, 23922.0, 23922.0, 23922.0, 23922.0, 23922.0, 23922.0, 23922.0, 23922.0, 23922.0, 23922.0, 23922.0, 23922.0, 23922.0, 23922.0, 23922.0, 23922.0, 23922.0, 23922.0, 23922.0, 23922.0, 23922.0, 23922.0, 23922.0, 23922.0, 23922.0, 23922.0, 23922.0, 23922.0, 23922.0, 23922.0, 23922.0, 23922.0, 23922.0, 23922.0, 23922.0, 23922.0, 23922.0, 23922.0, 23922.0, 23922.0, 23922.0, 23922.0, 23922.0, 23922.0, 23922.0, 23922.0, 23922.0, 23922.0, 23922.0, 23922.0, 23922.0, 23922.0, 23922.0, 23922.0, 23922.0, 23922.0, 23922.0]
[3, 1, 4, 4, 4, 4, 4, 4, 4, 4, 4, 3, 2, 2, 2, 3, 3, 2, 3, 3, 2, 3, 3, 3, 1, 1, 1, 1, 1, 1, 1, 1, 1, 1, 4, 4, 4, 4, 4, 4, 4, 3, 3, 4, 4, 4, 4, 3, 4, 1, 4, 1, 4, 1, 4, 1, 4, 4, 4, 1, 1, 1, 4, 1, 1, 1, 4, 4, 4, 1, 1, 1, 1, 4, 4, 4, 4, 4, 4, 4, 4, 4, 4, 4, 4, 4, 4, 4, 4, 4, 4, 4, 4, 4, 4]
[23912.0, 23915.3, 23912.0, 23912.0, 23912.0, 23912.0, 23912.0, 23912.0, 23912.0, 23912.0, 23912.0, 23912.0, 23912.0, 23912.0, 23912.0, 23912.0, 23912.0, 23912.0, 23914.9, 23918.8, 23912.0, 23919.7, 23912.0, 23912.0, 23912.0, 23912.0, 23912.0, 23912.0, 23912.0, 23913.9, 23912.0, 23912.0, 23912.0, 23912.0, 23912.0, 23912.0, 23912.0, 23912.0, 23912.0, 23912.0, 23912.0, 23912.0, 23912.0, 23912.0, 23912.0, 23912.0, 23912.0, 23912.0, 23912.0, 23912.0, 23912.0, 23916.7, 23912.0, 23912.0, 23912.0, 23912.0, 23912.0, 23912.0, 23912.0, 23912.0, 23912.0, 23912.0, 23912.0, 23912.0, 23912.0, 23912.0, 23912.0, 23912.0, 23912.0, 23912.0, 23912.0, 23912.0, 23921.9, 23912.0, 23912.0, 23912.0, 23912.0, 23912.0, 23917.9, 23912.0, 23912.0, 23912.0]
[23922.0, 23922.0, 23922.0, 23922.0, 23922.0, 23922.0, 23922.0, 23922.0, 23922.0, 23922.0, 23922.0, 23922.0, 23922.0, 23922.0, 23922.0, 23922.0, 23922.0, 23922.0, 23922.0, 23922.0, 23922.0, 23922.0, 23922.0, 23922.0, 23922.0, 23922.0, 23922.0, 23922.0, 23922.0, 23922.0, 23922.0, 23922.0, 23922.0, 23922.0, 23922.0, 23922.0, 23922.0, 23922.0, 23922.0, 23922.0, 23922.0, 23922.0, 23922.0, 23922.0, 23922.0, 23922.0, 23922.0, 23922.0, 23922.0, 23922.0, 23922.0, 23922.0, 23922.0, 23922.0, 23922.0, 23922.0, 23922.0, 23922.0, 23922.0, 23922.0, 23922.0, 23922.0, 23922.0, 23922.0, 23922.0, 23922.0, 23922.0, 23922.0, 23922.0, 23922.0, 23922.0, 23922.0, 23922.0, 23922.0, 23922.0, 23922.0, 23922.0, 23922.0, 23922.0, 23922.0, 23922.0, 23922.0]
[4, 4, 4, 4, 4, 4, 4, 3, 3, 2, 3, 2, 3, 2, 3, 2, 3, 3, 1, 1, 1, 1, 1, 1, 1, 1, 1, 1, 1, 4, 4, 4, 4, 4, 4, 4, 3, 3, 4, 4, 4, 4, 4, 3, 4, 4, 4, 4, 1, 4, 1, 4, 1, 4, 1, 4, 1, 1, 4, 4, 4, 1, 1, 1, 4, 1, 4, 4, 4, 4, 4, 4, 4, 3, 4, 4, 4, 4, 4, 4, 4, 4]
[23912.0, 23912.0, 23912.0, 23912.0, 23912.0, 23912.0, 23912.0, 23912.0, 23912.0, 23912.0, 23912.0, 23912.0, 23912.0, 23912.0, 23912.0, 23912.0, 23912.0, 23912.0, 23912.0, 23912.0, 23912.0, 23912.0, 23912.0, 23912.0, 23912.0, 23912.0, 23912.0, 23912.0, 23912.0, 23912.0, 23912.0, 23912.3, 23912.0, 23912.0, 23912.0, 23913.4, 23912.0, 23912.0, 23912.0, 23912.0, 23912.0, 23912.0, 23912.0, 23912.0, 23912.0, 23922.0, 23912.0, 23912.0, 23912.0, 23912.0, 23912.0, 23912.0, 23912.0, 23912.0, 23912.0, 23912.0, 23912.0, 23912.0, 23912.0, 23912.0, 23912.0, 23912.0, 23912.0, 23912.0, 23921.4, 23912.0, 23912.0, 23912.0, 23912.0, 23912.0, 23912.0, 23912.0, 23912.0, 23912.0, 23912.0, 23912.0, 23912.0, 23912.0, 23912.0, 23915.2, 23912.0, 23912.0, 23912.0, 23912.0, 23912.0, 23912.0, 23912.0, 23912.0, 23912.0, 23912.0, 23912.0, 23912.0, 23912.0, 23912.0, 23912.0, 23912.0, 23912.0, 23912.0, 23912.0, 23912.0, 23912.0, 23912.0, 23914.7, 23912.0]
[23915.3, 23916.5, 23916.6, 23917.0, 23917.1, 23922.0, 23922.0, 23922.0, 23922.0, 23922.0, 23922.0, 23922.0, 23922.0, 23922.0, 23922.0, 23922.0, 23922.0, 23922.0, 23922.0, 23922.0, 23922.0, 23922.0, 23922.0, 23922.0, 23922.0, 23922.0, 23922.0, 23922.0, 23922.0, 23922.0, 23922.0, 23922.0, 23922.0, 23922.0, 23922.0, 23922.0, 23922.0, 23922.0, 23922.0, 23922.0, 23922.0, 23922.0, 23922.0, 23922.0, 23922.0, 23922.0, 23922.0, 23922.0, 23922.0, 23922.0, 23922.0, 23922.0, 23922.0, 23922.0, 23922.0, 23922.0, 23922.0, 23922.0, 23922.0, 23922.0, 23922.0, 23922.0, 23922.0, 23922.0, 23922.0, 23922.0, 23922.0, 23922.0, 23922.0, 23922.0, 23922.0, 23922.0, 23922.0, 23922.0, 23922.0, 23922.0, 23922.0, 23922.0, 23922.0, 23922.0, 23922.0, 23922.0, 23922.0, 23922.0, 23922.0, 23922.0, 23922.0, 23922.0, 23922.0, 23922.0, 23922.0, 23922.0, 23922.0, 23922.0, 23922.0, 23922.0, 23922.0, 23922.0, 23922.0, 23922.0, 23922.0, 23922.0, 23922.0, 23922.0]
[2, 3, 3, 1, 1, 4, 4, 4, 4, 4, 4, 3, 2, 3, 2, 2, 3, 3, 2, 3, 3, 2, 3, 3, 2, 2, 3, 3, 3, 3, 4, 1, 1, 1, 1, 1, 1, 1, 1, 1, 1, 1, 1, 4, 4, 4, 4, 4, 4, 3, 3, 4, 4, 4, 4, 4, 4, 3, 1, 1, 1, 1, 1, 4, 1, 4, 1, 4, 4, 1, 1, 1, 1, 1, 1, 4, 1, 4, 4, 4, 1, 4, 1, 1, 1, 1, 1, 4, 4, 4, 4, 4, 3, 4, 4, 4, 4, 4, 4, 4, 4, 4, 4, 4]
[23912.0, 23912.0, 23912.0, 23912.0, 23912.0, 23912.0, 23912.0, 23912.0, 23912.0, 23912.0, 23912.0, 23918.9, 23912.0, 23912.0, 23912.0, 23912.0, 23912.0, 23912.0, 23912.0, 23912.0, 23912.0, 23912.0, 23918.7, 23912.0, 23917.6, 23912.0, 23913.4, 23920.0, 23912.0, 23912.0, 23912.0, 23912.0, 23912.0, 23912.0, 23912.0, 23912.0, 23912.0, 23921.8, 23912.0, 23912.0, 23912.0, 23912.0, 23912.0, 23912.0, 23912.0, 23912.0, 23912.0, 23912.0, 23912.0, 23912.0, 23912.0, 23920.8, 23912.0, 23912.0, 23912.0, 23912.0, 23912.0, 23912.0, 23912.0, 23912.0, 23912.0, 23912.0, 23912.0, 23912.0, 23912.0, 23912.0, 23912.0, 23912.0, 23912.0, 23912.0, 23914.5, 23912.0, 23912.0, 23912.0, 23912.0, 23912.0, 23912.0, 23912.0, 23912.0]
[23913.0, 23914.5, 23914.6, 23917.4, 23918.2, 23919.1, 23919.4, 23920.4, 23920.8, 23921.6, 23922.0, 23922.0, 23922.0, 23922.0, 23922.0, 23922.0, 23922.0, 23922.0, 23922.0, 23922.0, 23922.0, 23922.0, 23922.0, 23922.0, 23922.0, 23922.0, 23922.0, 23922.0, 23922.0, 23922.0, 23922.0, 23922.0, 23922.0, 23922.0, 23922.0, 23922.0, 23922.0, 23922.0, 23922.0, 23922.0, 23922.0, 23922.0, 23922.0, 23922.0, 23922.0, 23922.0, 23922.0, 23922.0, 23922.0, 23922.0, 23922.0, 23922.0, 23922.0, 23922.0, 23922.0, 23922.0, 23922.0, 23922.0, 23922.0, 23922.0, 23922.0, 23922.0, 23922.0, 23922.0, 23922.0, 23922.0, 23922.0, 23922.0, 23922.0, 23922.0, 23922.0, 23922.0, 23922.0, 23922.0, 23922.0, 23922.0, 23922.0, 23922.0, 23922.0]
[1, 1, 1, 1, 4, 4, 4, 4, 1, 4, 4, 4, 4, 3, 3, 2, 2, 3, 2, 3, 2, 3, 2, 3, 2, 1, 1, 1, 1, 1, 1, 1, 1, 1, 1, 4, 4, 4, 4, 4, 3, 3, 4, 4, 4, 4, 4, 4, 3, 4, 1, 1, 1, 1, 1, 1, 4, 1, 1, 4, 1, 1, 1, 4, 4, 4, 4, 4, 4, 4, 4, 4, 4, 4, 4, 4, 4, 4, 4]
