[18000.0]
[18003.0]
[4]
[18000.0]
[18003.0]
[4]
[18000.0]
[18003.0]
[4]
[18000.0]
[18003.0]
[4]
[19000.0, 19000.0, 19000.0, 19000.0, 19000.0, 19000.0, 19006.0, 19000.0, 19010.0, 19009.0, 19010.0, 19000.0, 19006.0, 19005.0, 19000.0]
[19002.0, 19005.0, 19006.0, 19010.0, 19010.0, 19010.0, 19010.0, 19010.0, 19010.0, 19010.0, 19010.0, 19010.0, 19010.0, 19010.0, 19010.0]
[1, 4, 4, 4, 4, 4, 3, 3, 1, 1, 1, 4, 4, 4, 3]
[19000.0, 19000.0, 19000.0, 19000.0, 19000.0, 19000.0, 19006.0, 19000.0, 19010.0, 19009.0, 19010.0, 19000.0, 19006.0, 19005.0, 19000.0]
[19002.0, 19005.0, 19006.0, 19010.0, 19010.0, 19010.0, 19010.0, 19010.0, 19010.0, 19010.0, 19010.0, 19010.0, 19010.0, 19010.0, 19010.0]
[1, 4, 4, 4, 4, 4, 3, 3, 1, 1, 1, 4, 4, 4, 3]
[19000.0, 19000.0, 19000.0, 19000.0, 19000.0, 19000.0, 19006.0, 19000.0, 19010.0, 19009.0, 19010.0, 19000.0, 19006.0, 19005.0, 19000.0]
[19002.0, 19005.0, 19006.0, 19010.0, 19010.0, 19010.0, 19010.0, 19010.0, 19010.0, 19010.0, 19010.0, 19010.0, 19010.0, 19010.0, 19010.0]
[1, 4, 4, 4, 4, 4, 3, 3, 1, 1, 1, 4, 4, 4, 3]
[19000.0, 19000.0, 19000.0, 19000.0, 19000.0, 19000.0, 19006.0, 19000.0, 19010.0, 19009.0, 19010.0, 19000.0, 19006.0, 19005.0, 19000.0]
[19002.0, 19005.0, 19006.0, 19010.0, 19010.0, 19010.0, 19010.0, 19010.0, 19010.0, 19010.0, 19010.0, 19010.0, 19010.0, 19010.0, 19010.0]
[1, 4, 4, 4, 4, 4, 3, 3, 1, 1, 1, 4, 4, 4, 3]
[20000.0, 20000.0, 20000.0, 20000.0, 20006.0, 20010.0, 20000.0, 20000.0, 20000.0, 20003.0, 20006.0, 20000.0, 20000.0, 20000.0, 20005.0, 20010.0]
[20002.0, 20002.0, 20005.0, 20008.0, 20010.0, 20010.0, 20010.0, 20010.0, 20010.0, 20010.0, 20010.0, 20010.0, 20010.0, 20010.0, 20010.0, 20010.0]
[4, 4, 4, 4, 4, 4, 3, 3, 1, 1, 4, 1, 3, 3, 4, 4]
[20000.0, 20000.0, 20000.0, 20000.0, 20006.0, 20010.0, 20000.0, 20000.0, 20000.0, 20003.0, 20006.0, 20000.0, 20000.0, 20000.0, 20005.0, 20010.0]
[20002.0, 20002.0, 20005.0, 20008.0, 20010.0, 20010.0, 20010.0, 20010.0, 20010.0, 20010.0, 20010.0, 20010.0, 20010.0, 20010.0, 20010.0, 20010.0]
[4, 4, 4, 4, 4, 4, 3, 3, 1, 1, 4, 1, 3, 3, 4, 4]
[20000.0, 20000.0, 20000.0, 20000.0, 20006.0, 20010.0, 20000.0, 20000.0, 20000.0, 20003.0, 20006.0, 20000.0, 20000.0, 20000.0, 20005.0, 20010.0]
[20002.0, 20002.0, 20005.0, 20008.0, 20010.0, 20010.0, 20010.0, 20010.0, 20010.0, 20010.0, 20010.0, 20010.0, 20010.0, 20010.0, 20010.0, 20010.0]
[4, 4, 4, 4, 4, 4, 3, 3, 1, 1, 4, 1, 3, 3, 4, 4]
[20000.0, 20000.0, 20000.0, 20000.0, 20006.0, 20010.0, 20000.0, 20000.0, 20000.0, 20003.0, 20006.0, 20000.0, 20000.0, 20000.0, 20005.0, 20010.0]
[20002.0, 20002.0, 20005.0, 20008.0, 20010.0, 20010.0, 20010.0, 20010.0, 20010.0, 20010.0, 20010.0, 20010.0, 20010.0, 20010.0, 20010.0, 20010.0]
[4, 4, 4, 4, 4, 4, 3, 3, 1, 1, 4, 1, 3, 3, 4, 4]
[21000.0, 21003.0, 21002.0, 21000.0, 21004.0, 21000.0, 21000.0, 21000.0, 21002.0, 21010.0, 21000.0, 21000.0, 21008.0, 21000.0, 21003.0, 21004.0, 21010.0, 21000.0, 21000.0, 21000.0, 21010.0, 21002.0, 21007.0]
[21004.0, 21005.0, 21007.0, 21008.0, 21010.0, 21010.0, 21010.0, 21010.0, 21010.0, 21010.0, 21010.0, 21010.0, 21010.0, 21010.0, 21010.0, 21010.0, 21010.0, 21010.0, 21010.0, 21010.0, 21010.0, 21010.0, 21010.0]
[4, 4, 1, 4, 4, 4, 3, 3, 2, 2, 1, 1, 4, 4, 1, 4, 1, 1, 3, 3, 4, 4, 4]
[21000.0, 21003.0, 21002.0, 21000.0, 21004.0, 21000.0, 21000.0, 21000.0, 21002.0, 21010.0, 21000.0, 21000.0, 21008.0, 21000.0, 21003.0, 21004.0, 21010.0, 21000.0, 21000.0, 21000.0, 21010.0, 21002.0, 21007.0]
[21004.0, 21005.0, 21007.0, 21008.0, 21010.0, 21010.0, 21010.0, 21010.0, 21010.0, 21010.0, 21010.0, 21010.0, 21010.0, 21010.0, 21010.0, 21010.0, 21010.0, 21010.0, 21010.0, 21010.0, 21010.0, 21010.0, 21010.0]
[4, 4, 1, 4, 4, 4, 3, 3, 2, 2, 1, 1, 4, 4, 1, 4, 1, 1, 3, 3, 4, 4, 4]
[21000.0, 21003.0, 21002.0, 21000.0, 21004.0, 21000.0, 21000.0, 21000.0, 21002.0, 21010.0, 21000.0, 21000.0, 21008.0, 21000.0, 21003.0, 21004.0, 21010.0, 21000.0, 21000.0, 21000.0, 21010.0, 21002.0, 21007.0]
[21004.0, 21005.0, 21007.0, 21008.0, 21010.0, 21010.0, 21010.0, 21010.0, 21010.0, 21010.0, 21010.0, 21010.0, 21010.0, 21010.0, 21010.0, 21010.0, 21010.0, 21010.0, 21010.0, 21010.0, 21010.0, 21010.0, 21010.0]
[4, 4, 1, 4, 4, 4, 3, 3, 2, 2, 1, 1, 4, 4, 1, 4, 1, 1, 3, 3, 4, 4, 4]
[21000.0, 21003.0, 21002.0, 21000.0, 21004.0, 21000.0, 21000.0, 21000.0, 21002.0, 21010.0, 21000.0, 21000.0, 21008.0, 21000.0, 21003.0, 21004.0, 21010.0, 21000.0, 21000.0, 21000.0, 21010.0, 21002.0, 21007.0]
[21004.0, 21005.0, 21007.0, 21008.0, 21010.0, 21010.0, 21010.0, 21010.0, 21010.0, 21010.0, 21010.0, 21010.0, 21010.0, 21010.0, 21010.0, 21010.0, 21010.0, 21010.0, 21010.0, 21010.0, 21010.0, 21010.0, 21010.0]
[4, 4, 1, 4, 4, 4, 3, 3, 2, 2, 1, 1, 4, 4, 1, 4, 1, 1, 3, 3, 4, 4, 4]
[22000.0, 22000.0, 22000.0, 22000.0, 22004.0, 22006.0, 22006.0, 22000.0, 22000.0, 22000.0, 22000.0, 22000.0, 22000.0, 22000.0, 22000.0, 22000.0, 22000.0, 22000.0, 22000.0, 22000.0, 22000.0, 22004.0, 22006.0, 22000.0, 22000.0, 22000.0, 22002.0, 22000.0, 22006.0, 22000.0, 22000.0, 22001.0, 22004.0, 22007.0, 22006.0, 22010.0, 22000.0, 22006.0]
[22001.0, 22002.0, 22004.0, 22006.0, 22006.0, 22008.0, 22009.0, 22009.0, 22009.0, 22010.0, 22010.0, 22010.0, 22010.0, 22010.0, 22010.0, 22010.0, 22010.0, 22010.0, 22010.0, 22010.0, 22010.0, 22010.0, 22010.0, 22010.0, 22010.0, 22010.0, 22010.0, 22010.0, 22010.0, 22010.0, 22010.0, 22010.0, 22010.0, 22010.0, 22010.0, 22010.0, 22010.0, 22010.0]
[4, 4, 1, 4, 1, 4, 1, 1, 4, 3, 3, 3, 2, 2, 3, 1, 1, 1, 1, 1, 1, 4, 4, 4, 4, 3, 4, 1, 1, 1, 3, 1, 3, 3, 4, 4, 4, 4]
[22000.0, 22000.0, 22000.0, 22000.0, 22004.0, 22006.0, 22006.0, 22000.0, 22000.0, 22000.0, 22000.0, 22000.0, 22000.0, 22000.0, 22000.0, 22000.0, 22000.0, 22000.0, 22000.0, 22000.0, 22000.0, 22004.0, 22006.0, 22000.0, 22000.0, 22000.0, 22002.0, 22000.0, 22006.0, 22000.0, 22000.0, 22001.0, 22004.0, 22007.0, 22006.0, 22010.0, 22000.0, 22006.0]
[22001.0, 22002.0, 22004.0, 22006.0, 22006.0, 22008.0, 22009.0, 22009.0, 22009.0, 22010.0, 22010.0, 22010.0, 22010.0, 22010.0, 22010.0, 22010.0, 22010.0, 22010.0, 22010.0, 22010.0, 22010.0, 22010.0, 22010.0, 22010.0, 22010.0, 22010.0, 22010.0, 22010.0, 22010.0, 22010.0, 22010.0, 22010.0, 22010.0, 22010.0, 22010.0, 22010.0, 22010.0, 22010.0]
[4, 4, 1, 4, 1, 4, 1, 1, 4, 3, 3, 3, 2, 2, 3, 1, 1, 1, 1, 1, 1, 4, 4, 4, 4, 3, 4, 1, 1, 1, 3, 1, 3, 3, 4, 4, 4, 4]
[22000.0, 22000.0, 22000.0, 22000.0, 22004.0, 22006.0, 22006.0, 22000.0, 22000.0, 22000.0, 22000.0, 22000.0, 22000.0, 22000.0, 22000.0, 22000.0, 22000.0, 22000.0, 22000.0, 22000.0, 22000.0, 22004.0, 22006.0, 22000.0, 22000.0, 22000.0, 22002.0, 22000.0, 22006.0, 22000.0, 22000.0, 22001.0, 22004.0, 22007.0, 22006.0, 22010.0, 22000.0, 22006.0]
[22001.0, 22002.0, 22004.0, 22006.0, 22006.0, 22008.0, 22009.0, 22009.0, 22009.0, 22010.0, 22010.0, 22010.0, 22010.0, 22010.0, 22010.0, 22010.0, 22010.0, 22010.0, 22010.0, 22010.0, 22010.0, 22010.0, 22010.0, 22010.0, 22010.0, 22010.0, 22010.0, 22010.0, 22010.0, 22010.0, 22010.0, 22010.0, 22010.0, 22010.0, 22010.0, 22010.0, 22010.0, 22010.0]
[4, 4, 1, 4, 1, 4, 1, 1, 4, 3, 3, 3, 2, 2, 3, 1, 1, 1, 1, 1, 1, 4, 4, 4, 4, 3, 4, 1, 1, 1, 3, 1, 3, 3, 4, 4, 4, 4]
[22000.0, 22000.0, 22000.0, 22000.0, 22004.0, 22006.0, 22006.0, 22000.0, 22000.0, 22000.0, 22000.0, 22000.0, 22000.0, 22000.0, 22000.0, 22000.0, 22000.0, 22000.0, 22000.0, 22000.0, 22000.0, 22004.0, 22006.0, 22000.0, 22000.0, 22000.0, 22002.0, 22000.0, 22006.0, 22000.0, 22000.0, 22001.0, 22004.0, 22007.0, 22006.0, 22010.0, 22000.0, 22006.0]
[22001.0, 22002.0, 22004.0, 22006.0, 22006.0, 22008.0, 22009.0, 22009.0, 22009.0, 22010.0, 22010.0, 22010.0, 22010.0, 22010.0, 22010.0, 22010.0, 22010.0, 22010.0, 22010.0, 22010.0, 22010.0, 22010.0, 22010.0, 22010.0, 22010.0, 22010.0, 22010.0, 22010.0, 22010.0, 22010.0, 22010.0, 22010.0, 22010.0, 22010.0, 22010.0, 22010.0, 22010.0, 22010.0]
[4, 4, 1, 4, 1, 4, 1, 1, 4, 3, 3, 3, 2, 2, 3, 1, 1, 1, 1, 1, 1, 4, 4, 4, 4, 3, 4, 1, 1, 1, 3, 1, 3, 3, 4, 4, 4, 4]
[23000.0, 23000.0, 23000.0, 23000.0, 23000.0, 23000.0, 23000.0, 23000.0, 23000.0, 23010.0, 23000.0, 23000.0, 23000.0, 23000.0, 23000.0, 23000.0, 23000.0, 23000.0, 23000.0, 23008.0, 23004.0, 23000.0, 23000.0, 23010.0, 23000.0, 23000.0, 23000.0, 23000.0, 23010.0, 23000.0, 23000.0, 23000.0, 23000.0, 23000.0, 23000.0, 23000.0, 23000.0, 23009.0]
[23001.0, 23001.0, 23002.0, 23002.0, 23003.0, 23004.0, 23006.0, 23007.0, 23009.0, 23010.0, 23010.0, 23010.0, 23010.0, 23010.0, 23010.0, 23010.0, 23010.0, 23010.0, 23010.0, 23010.0, 23010.0, 23010.0, 23010.0, 23010.0, 23010.0, 23010.0, 23010.0, 23010.0, 23010.0, 23010.0, 23010.0, 23010.0, 23010.0, 23010.0, 23010.0, 23010.0, 23010.0, 23010.0]
[4, 1, 2, 4, 4, 4, 4, 4, 4, 4, 3, 3, 3, 3, 3, 3, 3, 3, 1, 1, 4, 3, 3, 4, 4, 1, 3, 1, 1, 3, 4, 4, 3, 3, 4, 4, 3, 4]
[23000.0, 23000.0, 23000.0, 23000.0, 23000.0, 23000.0, 23000.0, 23000.0, 23000.0, 23010.0, 23000.0, 23000.0, 23000.0, 23000.0, 23000.0, 23000.0, 23000.0, 23000.0, 23000.0, 23008.0, 23004.0, 23000.0, 23000.0, 23010.0, 23000.0, 23000.0, 23000.0, 23000.0, 23010.0, 23000.0, 23000.0, 23000.0, 23000.0, 23000.0, 23000.0, 23000.0, 23000.0, 23009.0]
[23001.0, 23001.0, 23002.0, 23002.0, 23003.0, 23004.0, 23006.0, 23007.0, 23009.0, 23010.0, 23010.0, 23010.0, 23010.0, 23010.0, 23010.0, 23010.0, 23010.0, 23010.0, 23010.0, 23010.0, 23010.0, 23010.0, 23010.0, 23010.0, 23010.0, 23010.0, 23010.0, 23010.0, 23010.0, 23010.0, 23010.0, 23010.0, 23010.0, 23010.0, 23010.0, 23010.0, 23010.0, 23010.0]
[4, 1, 2, 4, 4, 4, 4, 4, 4, 4, 3, 3, 3, 3, 3, 3, 3, 3, 1, 1, 4, 3, 3, 4, 4, 1, 3, 1, 1, 3, 4, 4, 3, 3, 4, 4, 3, 4]
[23000.0, 23000.0, 23000.0, 23000.0, 23000.0, 23000.0, 23000.0, 23000.0, 23000.0, 23010.0, 23000.0, 23000.0, 23000.0, 23000.0, 23000.0, 23000.0, 23000.0, 23000.0, 23000.0, 23008.0, 23004.0, 23000.0, 23000.0, 23010.0, 23000.0, 23000.0, 23000.0, 23000.0, 23010.0, 23000.0, 23000.0, 23000.0, 23000.0, 23000.0, 23000.0, 23000.0, 23000.0, 23009.0]
[23001.0, 23001.0, 23002.0, 23002.0, 23003.0, 23004.0, 23006.0, 23007.0, 23009.0, 23010.0, 23010.0, 23010.0, 23010.0, 23010.0, 23010.0, 23010.0, 23010.0, 23010.0, 23010.0, 23010.0, 23010.0, 23010.0, 23010.0, 23010.0, 23010.0, 23010.0, 23010.0, 23010.0, 23010.0, 23010.0, 23010.0, 23010.0, 23010.0, 23010.0, 23010.0, 23010.0, 23010.0, 23010.0]
[4, 1, 2, 4, 4, 4, 4, 4, 4, 4, 3, 3, 3, 3, 3, 3, 3, 3, 1, 1, 4, 3, 3, 4, 4, 1, 3, 1, 1, 3, 4, 4, 3, 3, 4, 4, 3, 4]
[23000.0, 23000.0, 23000.0, 23000.0, 23000.0, 23000.0, 23000.0, 23000.0, 23000.0, 23010.0, 23000.0, 23000.0, 23000.0, 23000.0, 23000.0, 23000.0, 23000.0, 23000.0, 23000.0, 23008.0, 23004.0, 23000.0, 23000.0, 23010.0, 23000.0, 23000.0, 23000.0, 23000.0, 23010.0, 23000.0, 23000.0, 23000.0, 23000.0, 23000.0, 23000.0, 23000.0, 23000.0, 23009.0]
[23001.0, 23001.0, 23002.0, 23002.0, 23003.0, 23004.0, 23006.0, 23007.0, 23009.0, 23010.0, 23010.0, 23010.0, 23010.0, 23010.0, 23010.0, 23010.0, 23010.0, 23010.0, 23010.0, 23010.0, 23010.0, 23010.0, 23010.0, 23010.0, 23010.0, 23010.0, 23010.0, 23010.0, 23010.0, 23010.0, 23010.0, 23010.0, 23010.0, 23010.0, 23010.0, 23010.0, 23010.0, 23010.0]
[4, 1, 2, 4, 4, 4, 4, 4, 4, 4, 3, 3, 3, 3, 3, 3, 3, 3, 1, 1, 4, 3, 3, 4, 4, 1, 3, 1, 1, 3, 4, 4, 3, 3, 4, 4, 3, 4]
[28000.0, 28000.0, 28000.0, 28000.0, 28000.0, 28000.0, 28000.0, 28002.0, 28006.0, 28000.0, 28008.0, 28009.0, 28000.0, 28000.0, 28000.0, 28000.0, 28000.0, 28000.0, 28000.0, 28000.0, 28000.0, 28000.0, 28010.0, 28000.0, 28004.0, 28000.0, 28000.0, 28001.0, 28000.0, 28000.0, 28000.0, 28000.0, 28000.0, 28000.0, 28000.0, 28000.0, 28006.0, 28005.0, 28009.0, 28000.0, 28000.0, 28004.0, 28000.0, 28000.0]
[28001.0, 28001.0, 28002.0, 28002.0, 28002.0, 28002.0, 28004.0, 28006.0, 28008.0, 28010.0, 28010.0, 28010.0, 28010.0, 28010.0, 28010.0, 28010.0, 28010.0, 28010.0, 28010.0, 28010.0, 28010.0, 28010.0, 28010.0, 28010.0, 28010.0, 28010.0, 28010.0, 28010.0, 28010.0, 28010.0, 28010.0, 28010.0, 28010.0, 28010.0, 28010.0, 28010.0, 28010.0, 28010.0, 28010.0, 28010.0, 28010.0, 28010.0, 28010.0, 28010.0]
[4, 4, 1, 4, 4, 4, 1, 1, 4, 4, 4, 4, 3, 3, 2, 3, 3, 3, 2, 3, 3, 3, 2, 3, 1, 1, 1, 1, 4, 3, 3, 3, 3, 3, 3, 4, 3, 4, 4, 3, 3, 4, 3, 3]
[28000.0, 28000.0, 28000.0, 28000.0, 28000.0, 28000.0, 28000.0, 28002.0, 28006.0, 28000.0, 28008.0, 28009.0, 28000.0, 28000.0, 28000.0, 28000.0, 28000.0, 28000.0, 28000.0, 28000.0, 28000.0, 28000.0, 28010.0, 28000.0, 28004.0, 28000.0, 28000.0, 28001.0, 28000.0, 28000.0, 28000.0, 28000.0, 28000.0, 28000.0, 28000.0, 28000.0, 28006.0, 28005.0, 28009.0, 28000.0, 28000.0, 28004.0, 28000.0, 28000.0]
[28001.0, 28001.0, 28002.0, 28002.0, 28002.0, 28002.0, 28004.0, 28006.0, 28008.0, 28010.0, 28010.0, 28010.0, 28010.0, 28010.0, 28010.0, 28010.0, 28010.0, 28010.0, 28010.0, 28010.0, 28010.0, 28010.0, 28010.0, 28010.0, 28010.0, 28010.0, 28010.0, 28010.0, 28010.0, 28010.0, 28010.0, 28010.0, 28010.0, 28010.0, 28010.0, 28010.0, 28010.0, 28010.0, 28010.0, 28010.0, 28010.0, 28010.0, 28010.0, 28010.0]
[4, 4, 1, 4, 4, 4, 1, 1, 4, 4, 4, 4, 3, 3, 2, 3, 3, 3, 2, 3, 3, 3, 2, 3, 1, 1, 1, 1, 4, 3, 3, 3, 3, 3, 3, 4, 3, 4, 4, 3, 3, 4, 3, 3]
[28000.0, 28000.0, 28000.0, 28000.0, 28000.0, 28000.0, 28000.0, 28002.0, 28006.0, 28000.0, 28008.0, 28009.0, 28000.0, 28000.0, 28000.0, 28000.0, 28000.0, 28000.0, 28000.0, 28000.0, 28000.0, 28000.0, 28010.0, 28000.0, 28004.0, 28000.0, 28000.0, 28001.0, 28000.0, 28000.0, 28000.0, 28000.0, 28000.0, 28000.0, 28000.0, 28000.0, 28006.0, 28005.0, 28009.0, 28000.0, 28000.0, 28004.0, 28000.0, 28000.0]
[28001.0, 28001.0, 28002.0, 28002.0, 28002.0, 28002.0, 28004.0, 28006.0, 28008.0, 28010.0, 28010.0, 28010.0, 28010.0, 28010.0, 28010.0, 28010.0, 28010.0, 28010.0, 28010.0, 28010.0, 28010.0, 28010.0, 28010.0, 28010.0, 28010.0, 28010.0, 28010.0, 28010.0, 28010.0, 28010.0, 28010.0, 28010.0, 28010.0, 28010.0, 28010.0, 28010.0, 28010.0, 28010.0, 28010.0, 28010.0, 28010.0, 28010.0, 28010.0, 28010.0]
[4, 4, 1, 4, 4, 4, 1, 1, 4, 4, 4, 4, 3, 3, 2, 3, 3, 3, 2, 3, 3, 3, 2, 3, 1, 1, 1, 1, 4, 3, 3, 3, 3, 3, 3, 4, 3, 4, 4, 3, 3, 4, 3, 3]
[28000.0, 28000.0, 28000.0, 28000.0, 28000.0, 28000.0, 28000.0, 28002.0, 28006.0, 28000.0, 28008.0, 28009.0, 28000.0, 28000.0, 28000.0, 28000.0, 28000.0, 28000.0, 28000.0, 28000.0, 28000.0, 28000.0, 28010.0, 28000.0, 28004.0, 28000.0, 28000.0, 28001.0, 28000.0, 28000.0, 28000.0, 28000.0, 28000.0, 28000.0, 28000.0, 28000.0, 28006.0, 28005.0, 28009.0, 28000.0, 28000.0, 28004.0, 28000.0, 28000.0]
[28001.0, 28001.0, 28002.0, 28002.0, 28002.0, 28002.0, 28004.0, 28006.0, 28008.0, 28010.0, 28010.0, 28010.0, 28010.0, 28010.0, 28010.0, 28010.0, 28010.0, 28010.0, 28010.0, 28010.0, 28010.0, 28010.0, 28010.0, 28010.0, 28010.0, 28010.0, 28010.0, 28010.0, 28010.0, 28010.0, 28010.0, 28010.0, 28010.0, 28010.0, 28010.0, 28010.0, 28010.0, 28010.0, 28010.0, 28010.0, 28010.0, 28010.0, 28010.0, 28010.0]
[4, 4, 1, 4, 4, 4, 1, 1, 4, 4, 4, 4, 3, 3, 2, 3, 3, 3, 2, 3, 3, 3, 2, 3, 1, 1, 1, 1, 4, 3, 3, 3, 3, 3, 3, 4, 3, 4, 4, 3, 3, 4, 3, 3]
[29000.0, 29000.0, 29000.0, 29001.0, 29002.0, 29000.0, 29004.0, 29000.0, 29000.0, 29000.0, 29000.0, 29000.0, 29000.0, 29000.0, 29000.0, 29000.0, 29000.0, 29000.0, 29000.0, 29001.0, 29000.0, 29000.0, 29000.0, 29000.0, 29000.0, 29000.0, 29000.0, 29006.0, 29008.0, 29000.0, 29000.0, 29000.0, 29000.0, 29000.0, 29000.0, 29000.0, 29010.0, 29000.0, 29000.0, 29003.0, 29010.0, 29000.0, 29000.0, 29000.0, 29000.0, 29000.0, 29000.0, 29000.0]
[29001.0, 29002.0, 29004.0, 29005.0, 29006.0, 29006.0, 29006.0, 29008.0, 29009.0, 29010.0, 29010.0, 29010.0, 29010.0, 29010.0, 29010.0, 29010.0, 29010.0, 29010.0, 29010.0, 29010.0, 29010.0, 29010.0, 29010.0, 29010.0, 29010.0, 29010.0, 29010.0, 29010.0, 29010.0, 29010.0, 29010.0, 29010.0, 29010.0, 29010.0, 29010.0, 29010.0, 29010.0, 29010.0, 29010.0, 29010.0, 29010.0, 29010.0, 29010.0, 29010.0, 29010.0, 29010.0, 29010.0, 29010.0]
[4, 4, 1, 1, 1, 4, 1, 1, 4, 4, 3, 3, 3, 3, 3, 3, 3, 3, 3, 2, 3, 3, 3, 1, 1, 1, 1, 4, 4, 3, 3, 3, 3, 3, 3, 1, 1, 1, 4, 4, 4, 3, 4, 3, 3, 4, 4, 4]
[29000.0, 29000.0, 29000.0, 29001.0, 29002.0, 29000.0, 29004.0, 29000.0, 29000.0, 29000.0, 29000.0, 29000.0, 29000.0, 29000.0, 29000.0, 29000.0, 29000.0, 29000.0, 29000.0, 29001.0, 29000.0, 29000.0, 29000.0, 29000.0, 29000.0, 29000.0, 29000.0, 29006.0, 29008.0, 29000.0, 29000.0, 29000.0, 29000.0, 29000.0, 29000.0, 29000.0, 29010.0, 29000.0, 29000.0, 29003.0, 29010.0, 29000.0, 29000.0, 29000.0, 29000.0, 29000.0, 29000.0, 29000.0]
[29001.0, 29002.0, 29004.0, 29005.0, 29006.0, 29006.0, 29006.0, 29008.0, 29009.0, 29010.0, 29010.0, 29010.0, 29010.0, 29010.0, 29010.0, 29010.0, 29010.0, 29010.0, 29010.0, 29010.0, 29010.0, 29010.0, 29010.0, 29010.0, 29010.0, 29010.0, 29010.0, 29010.0, 29010.0, 29010.0, 29010.0, 29010.0, 29010.0, 29010.0, 29010.0, 29010.0, 29010.0, 29010.0, 29010.0, 29010.0, 29010.0, 29010.0, 29010.0, 29010.0, 29010.0, 29010.0, 29010.0, 29010.0]
[4, 4, 1, 1, 1, 4, 1, 1, 4, 4, 3, 3, 3, 3, 3, 3, 3, 3, 3, 2, 3, 3, 3, 1, 1, 1, 1, 4, 4, 3, 3, 3, 3, 3, 3, 1, 1, 1, 4, 4, 4, 3, 4, 3, 3, 4, 4, 4]
[29000.0, 29000.0, 29000.0, 29001.0, 29002.0, 29000.0, 29004.0, 29000.0, 29000.0, 29000.0, 29000.0, 29000.0, 29000.0, 29000.0, 29000.0, 29000.0, 29000.0, 29000.0, 29000.0, 29001.0, 29000.0, 29000.0, 29000.0, 29000.0, 29000.0, 29000.0, 29000.0, 29006.0, 29008.0, 29000.0, 29000.0, 29000.0, 29000.0, 29000.0, 29000.0, 29000.0, 29010.0, 29000.0, 29000.0, 29003.0, 29010.0, 29000.0, 29000.0, 29000.0, 29000.0, 29000.0, 29000.0, 29000.0]
[29001.0, 29002.0, 29004.0, 29005.0, 29006.0, 29006.0, 29006.0, 29008.0, 29009.0, 29010.0, 29010.0, 29010.0, 29010.0, 29010.0, 29010.0, 29010.0, 29010.0, 29010.0, 29010.0, 29010.0, 29010.0, 29010.0, 29010.0, 29010.0, 29010.0, 29010.0, 29010.0, 29010.0, 29010.0, 29010.0, 29010.0, 29010.0, 29010.0, 29010.0, 29010.0, 29010.0, 29010.0, 29010.0, 29010.0, 29010.0, 29010.0, 29010.0, 29010.0, 29010.0, 29010.0, 29010.0, 29010.0, 29010.0]
[4, 4, 1, 1, 1, 4, 1, 1, 4, 4, 3, 3, 3, 3, 3, 3, 3, 3, 3, 2, 3, 3, 3, 1, 1, 1, 1, 4, 4, 3, 3, 3, 3, 3, 3, 1, 1, 1, 4, 4, 4, 3, 4, 3, 3, 4, 4, 4]
[29000.0, 29000.0, 29000.0, 29001.0, 29002.0, 29000.0, 29004.0, 29000.0, 29000.0, 29000.0, 29000.0, 29000.0, 29000.0, 29000.0, 29000.0, 29000.0, 29000.0, 29000.0, 29000.0, 29001.0, 29000.0, 29000.0, 29000.0, 29000.0, 29000.0, 29000.0, 29000.0, 29006.0, 29008.0, 29000.0, 29000.0, 29000.0, 29000.0, 29000.0, 29000.0, 29000.0, 29010.0, 29000.0, 29000.0, 29003.0, 29010.0, 29000.0, 29000.0, 29000.0, 29000.0, 29000.0, 29000.0, 29000.0]
[29001.0, 29002.0, 29004.0, 29005.0, 29006.0, 29006.0, 29006.0, 29008.0, 29009.0, 29010.0, 29010.0, 29010.0, 29010.0, 29010.0, 29010.0, 29010.0, 29010.0, 29010.0, 29010.0, 29010.0, 29010.0, 29010.0, 29010.0, 29010.0, 29010.0, 29010.0, 29010.0, 29010.0, 29010.0, 29010.0, 29010.0, 29010.0, 29010.0, 29010.0, 29010.0, 29010.0, 29010.0, 29010.0, 29010.0, 29010.0, 29010.0, 29010.0, 29010.0, 29010.0, 29010.0, 29010.0, 29010.0, 29010.0]
[4, 4, 1, 1, 1, 4, 1, 1, 4, 4, 3, 3, 3, 3, 3, 3, 3, 3, 3, 2, 3, 3, 3, 1, 1, 1, 1, 4, 4, 3, 3, 3, 3, 3, 3, 1, 1, 1, 4, 4, 4, 3, 4, 3, 3, 4, 4, 4]
[30000.0, 30000.0, 30000.0, 30000.0, 30000.0, 30000.0, 30002.0, 30000.0, 30001.0, 30000.0, 30001.0, 30005.0, 30000.0, 30004.0, 30000.0, 30000.0, 30001.0, 30000.0, 30000.0, 30000.0, 30000.0, 30000.0, 30000.0, 30000.0, 30000.0, 30000.0, 30000.0, 30000.0, 30000.0, 30000.0, 30000.0, 30000.0, 30000.0, 30000.0, 30000.0, 30000.0, 30000.0, 30000.0, 30000.0, 30000.0, 30006.0, 30000.0, 30000.0, 30000.0, 30000.0, 30000.0, 30001.0, 30000.0, 30000.0, 30000.0, 30010.0, 30003.0, 30002.0, 30000.0, 30000.0, 30000.0, 30000.0, 30006.0, 30000.0, 30004.0, 30009.0]
[30002.0, 30002.0, 30002.0, 30003.0, 30004.0, 30004.0, 30004.0, 30005.0, 30006.0, 30006.0, 30008.0, 30009.0, 30010.0, 30010.0, 30010.0, 30010.0, 30010.0, 30010.0, 30010.0, 30010.0, 30010.0, 30010.0, 30010.0, 30010.0, 30010.0, 30010.0, 30010.0, 30010.0, 30010.0, 30010.0, 30010.0, 30010.0, 30010.0, 30010.0, 30010.0, 30010.0, 30010.0, 30010.0, 30010.0, 30010.0, 30010.0, 30010.0, 30010.0, 30010.0, 30010.0, 30010.0, 30010.0, 30010.0, 30010.0, 30010.0, 30010.0, 30010.0, 30010.0, 30010.0, 30010.0, 30010.0, 30010.0, 30010.0, 30010.0, 30010.0, 30010.0]
[4, 4, 1, 1, 1, 4, 4, 4, 4, 4, 1, 4, 4, 4, 3, 2, 2, 3, 3, 3, 3, 3, 3, 3, 3, 2, 3, 1, 1, 1, 4, 4, 3, 3, 3, 3, 3, 3, 3, 1, 1, 1, 4, 4, 4, 1, 4, 1, 1, 3, 4, 4, 4, 3, 3, 3, 3, 4, 4, 4, 4]
[30000.0, 30000.0, 30000.0, 30000.0, 30000.0, 30000.0, 30002.0, 30000.0, 30001.0, 30000.0, 30001.0, 30005.0, 30000.0, 30004.0, 30000.0, 30000.0, 30001.0, 30000.0, 30000.0, 30000.0, 30000.0, 30000.0, 30000.0, 30000.0, 30000.0, 30000.0, 30000.0, 30000.0, 30000.0, 30000.0, 30000.0, 30000.0, 30000.0, 30000.0, 30000.0, 30000.0, 30000.0, 30000.0, 30000.0, 30000.0, 30006.0, 30000.0, 30000.0, 30000.0, 30000.0, 30000.0, 30001.0, 30000.0, 30000.0, 30000.0, 30010.0, 30003.0, 30002.0, 30000.0, 30000.0, 30000.0, 30000.0, 30006.0, 30000.0, 30004.0, 30009.0]
[30002.0, 30002.0, 30002.0, 30003.0, 30004.0, 30004.0, 30004.0, 30005.0, 30006.0, 30006.0, 30008.0, 30009.0, 30010.0, 30010.0, 30010.0, 30010.0, 30010.0, 30010.0, 30010.0, 30010.0, 30010.0, 30010.0, 30010.0, 30010.0, 30010.0, 30010.0, 30010.0, 30010.0, 30010.0, 30010.0, 30010.0, 30010.0, 30010.0, 30010.0, 30010.0, 30010.0, 30010.0, 30010.0, 30010.0, 30010.0, 30010.0, 30010.0, 30010.0, 30010.0, 30010.0, 30010.0, 30010.0, 30010.0, 30010.0, 30010.0, 30010.0, 30010.0, 30010.0, 30010.0, 30010.0, 30010.0, 30010.0, 30010.0, 30010.0, 30010.0, 30010.0]
[4, 4, 1, 1, 1, 4, 4, 4, 4, 4, 1, 4, 4, 4, 3, 2, 2, 3, 3, 3, 3, 3, 3, 3, 3, 2, 3, 1, 1, 1, 4, 4, 3, 3, 3, 3, 3, 3, 3, 1, 1, 1, 4, 4, 4, 1, 4, 1, 1, 3, 4, 4, 4, 3, 3, 3, 3, 4, 4, 4, 4]
[30000.0, 30000.0, 30000.0, 30000.0, 30000.0, 30000.0, 30002.0, 30000.0, 30001.0, 30000.0, 30001.0, 30005.0, 30000.0, 30004.0, 30000.0, 30000.0, 30001.0, 30000.0, 30000.0, 30000.0, 30000.0, 30000.0, 30000.0, 30000.0, 30000.0, 30000.0, 30000.0, 30000.0, 30000.0, 30000.0, 30000.0, 30000.0, 30000.0, 30000.0, 30000.0, 30000.0, 30000.0, 30000.0, 30000.0, 30000.0, 30006.0, 30000.0, 30000.0, 30000.0, 30000.0, 30000.0, 30001.0, 30000.0, 30000.0, 30000.0, 30010.0, 30003.0, 30002.0, 30000.0, 30000.0, 30000.0, 30000.0, 30006.0, 30000.0, 30004.0, 30009.0]
[30002.0, 30002.0, 30002.0, 30003.0, 30004.0, 30004.0, 30004.0, 30005.0, 30006.0, 30006.0, 30008.0, 30009.0, 30010.0, 30010.0, 30010.0, 30010.0, 30010.0, 30010.0, 30010.0, 30010.0, 30010.0, 30010.0, 30010.0, 30010.0, 30010.0, 30010.0, 30010.0, 30010.0, 30010.0, 30010.0, 30010.0, 30010.0, 30010.0, 30010.0, 30010.0, 30010.0, 30010.0, 30010.0, 30010.0, 30010.0, 30010.0, 30010.0, 30010.0, 30010.0, 30010.0, 30010.0, 30010.0, 30010.0, 30010.0, 30010.0, 30010.0, 30010.0, 30010.0, 30010.0, 30010.0, 30010.0, 30010.0, 30010.0, 30010.0, 30010.0, 30010.0]
[4, 4, 1, 1, 1, 4, 4, 4, 4, 4, 1, 4, 4, 4, 3, 2, 2, 3, 3, 3, 3, 3, 3, 3, 3, 2, 3, 1, 1, 1, 4, 4, 3, 3, 3, 3, 3, 3, 3, 1, 1, 1, 4, 4, 4, 1, 4, 1, 1, 3, 4, 4, 4, 3, 3, 3, 3, 4, 4, 4, 4]
[30000.0, 30000.0, 30000.0, 30000.0, 30000.0, 30000.0, 30002.0, 30000.0, 30001.0, 30000.0, 30001.0, 30005.0, 30000.0, 30004.0, 30000.0, 30000.0, 30001.0, 30000.0, 30000.0, 30000.0, 30000.0, 30000.0, 30000.0, 30000.0, 30000.0, 30000.0, 30000.0, 30000.0, 30000.0, 30000.0, 30000.0, 30000.0, 30000.0, 30000.0, 30000.0, 30000.0, 30000.0, 30000.0, 30000.0, 30000.0, 30006.0, 30000.0, 30000.0, 30000.0, 30000.0, 30000.0, 30001.0, 30000.0, 30000.0, 30000.0, 30010.0, 30003.0, 30002.0, 30000.0, 30000.0, 30000.0, 30000.0, 30006.0, 30000.0, 30004.0, 30009.0]
[30002.0, 30002.0, 30002.0, 30003.0, 30004.0, 30004.0, 30004.0, 30005.0, 30006.0, 30006.0, 30008.0, 30009.0, 30010.0, 30010.0, 30010.0, 30010.0, 30010.0, 30010.0, 30010.0, 30010.0, 30010.0, 30010.0, 30010.0, 30010.0, 30010.0, 30010.0, 30010.0, 30010.0, 30010.0, 30010.0, 30010.0, 30010.0, 30010.0, 30010.0, 30010.0, 30010.0, 30010.0, 30010.0, 30010.0, 30010.0, 30010.0, 30010.0, 30010.0, 30010.0, 30010.0, 30010.0, 30010.0, 30010.0, 30010.0, 30010.0, 30010.0, 30010.0, 30010.0, 30010.0, 30010.0, 30010.0, 30010.0, 30010.0, 30010.0, 30010.0, 30010.0]
[4, 4, 1, 1, 1, 4, 4, 4, 4, 4, 1, 4, 4, 4, 3, 2, 2, 3, 3, 3, 3, 3, 3, 3, 3, 2, 3, 1, 1, 1, 4, 4, 3, 3, 3, 3, 3, 3, 3, 1, 1, 1, 4, 4, 4, 1, 4, 1, 1, 3, 4, 4, 4, 3, 3, 3, 3, 4, 4, 4, 4]
