Filas Densidad de menos a mas, columnas Beconing 1,2,5 y 10 Hz 
 Cálculo realizado con paquetes generados en la capa MAC 
Promedio PDR:
[[1.0225846153846154], [1.0356215746741646], [1.2690665998412272], [1.2651442238608432]]
[[1.020671669793621], [1.287263471775401], [0.8641974135034044], [0.9408076932813227]]
[[0.8210280558764387], [0.903085361240701], [0.8433591178406846], [0.8721882020809074]]
[[0.9089570667431506], [0.8798896222193276], [0.8393491570373742], [0.8756512810251127]]
Promedio CBR:
[[0.0037374858757062155], [0.007729299435028248], [0.022673087837837835], [0.04548931924882628]]
[[0.007191706489675518], [0.023038280575539572], [0.03002936813186814], [0.06651626031746033]]
[[0.008223045931758533], [0.017595961352657005], [0.040295149739583334], [0.08154994332652239]]
[[0.011335317415730337], [0.021897697318007666], [0.050820791298416663], [0.10935182739984126]]
STD PDR:
[[0.31524878726146194], [0.1450476932058462], [0.25202677822051517], [0.21492983463579704]]
[[0.16037270048330723], [0.8342688674719239], [0.1798753331632071], [0.14747127508745647]]
[[0.1578844616516825], [0.1535839927811716], [0.10932771301136632], [0.1410876460886478]]
[[0.06484336702950927], [0.07059904562605888], [0.06602032478764698], [0.15756982260566457]]
STD CBR:
[[0.0010193245914240764], [0.0023101810273797197], [0.006301204954017904], [0.012435742889706825]]
[[0.002259771244467608], [0.013238780615761432], [0.007139579280155737], [0.01933037076978386]]
[[0.002716884569918821], [0.004874428774671319], [0.011277690248248264], [0.017826462960145877]]
[[0.0026753544399043963], [0.005399499557278223], [0.009047157769801696], [0.02804425883114363]]
Número estimado real de paquetes enviados
[[33.6], [68.0], [205.0], [408.0]]
[[64.2], [160.4], [274.0], [594.0]]
[[71.8], [157.6], [369.0], [764.0]]
[[103.8], [201.2], [487.0], [1004.0]]
Número deseado de paquetes enviados
[[30.0], [60.0], [150.0], [300.0]]
[[60.0], [120.0], [300.0], [600.0]]
[[84.0], [168.0], [420.0], [840.0]]
[[111.0], [222.0], [555.0], [1110.0]]
Cálculo realizado con estimación de los paquetes enviados deseados 
 Promedio CBR:
[[1.2453333333333334], [1.1946666666666668], [1.7988], [1.7666666666666664]]
[[1.1176666666666668], [2.416666666666667], [0.8216666666666667], [0.9530833333333332]]
[[0.726530612244898], [0.8707482993197277], [0.7528911564625851], [0.8134098639455782]]
[[0.8542488434380326], [0.8024348672997321], [0.7401509617725834], [0.817044071098125]]
STD PDR:
[[0.7302164062796727], [0.3226942137001461], [0.7314876652715645], [0.5506037090725455]]
[[0.3607609242205209], [3.2197631037771153], [0.28008133739247165], [0.277309944927252]]
[[0.2651788679635661], [0.30824284536577823], [0.19643968811491525], [0.24630135963390137]]
[[0.11862673484295108], [0.12864375227678063], [0.10699554970540526], [0.3051026051544091]]
