Filas Densidad de menos a mas, columnas Beconing 1,2,5 y 10 HzPromedio PDR:
[[0.07675194287234875], [], [], []]
[[], [], [], []]
[[], [], [], []]
[[], [], [], []]
Promedio CBR:
[[0.37073057232471485], [], [], []]
[[], [], [], []]
[[], [], [], []]
[[], [], [], []]
STD PDR:
[[0.015955430665331817], [], [], []]
[[], [], [], []]
[[], [], [], []]
[[], [], [], []]
STD CBR:
[[0.025949538417953697], [], [], []]
[[], [], [], []]
[[], [], [], []]
[[], [], [], []]
[38500.0, 38500.0, 38503.0, 38502.0, 38500.0, 38500.0, 38500.0, 38500.0, 38500.0, 38500.0, 38500.0, 38500.0, 38500.0, 38500.0, 38500.0, 38500.0, 38500.0, 38500.0, 38500.0, 38500.0, 38500.0, 38500.0, 38500.0, 38500.0, 38503.0, 38500.0, 38500.0, 38500.0, 38500.0, 38500.0, 38500.0, 38500.0, 38500.0, 38500.0, 38500.0, 38500.0, 38500.0, 38500.0, 38500.0, 38500.0, 38500.0, 38500.0, 38500.0, 38500.0, 38500.0, 38500.0, 38500.0, 38500.0, 38500.0, 38500.0, 38500.0, 38500.0, 38500.0, 38500.0, 38500.0, 38500.0, 38500.0, 38500.0, 38500.0, 38500.0, 38500.0, 38500.0, 38500.0, 38500.0, 38500.0, 38500.0, 38500.0, 38500.0, 38500.0, 38500.0, 38500.0, 38500.0, 38500.0, 38500.0, 38500.0, 38500.0, 38500.0, 38500.0, 38500.0, 38500.0, 38500.0, 38500.0, 38500.0, 38500.0, 38500.0, 38500.0, 38500.0, 38500.0, 38500.0, 38509.0, 38500.0, 38500.0, 38500.0, 38500.0, 38500.0, 38500.0, 38500.0, 38500.0, 38500.0, 38500.0, 38500.0, 38500.0, 38503.0, 38500.0, 38500.0, 38500.0, 38500.0, 38500.0, 38500.0, 38500.0, 38500.0, 38500.0, 38500.0, 38500.0, 38500.0, 38500.0, 38500.0, 38500.0, 38500.0, 38500.0, 38500.0, 38500.0, 38500.0, 38500.0, 38500.0, 38500.0, 38500.0, 38500.0, 38500.0, 38500.0, 38500.0, 38500.0, 38500.0, 38500.0, 38500.0, 38500.0, 38500.0, 38500.0, 38500.0, 38500.0, 38500.0, 38500.0, 38500.0, 38500.0, 38500.0, 38500.0, 38500.0, 38500.0, 38500.0, 38500.0, 38500.0, 38500.0, 38500.0, 38500.0, 38500.0, 38500.0, 38500.0, 38500.0, 38500.0, 38500.0, 38500.0, 38500.0, 38500.0, 38500.0, 38500.0, 38500.0, 38500.0, 38500.0, 38500.0, 38500.0, 38500.0, 38500.0, 38500.0, 38500.0, 38500.0, 38500.0, 38500.0, 38500.0, 38500.0, 38500.0, 38500.0, 38500.0, 38500.0, 38500.0, 38500.0, 38500.0, 38500.0, 38500.0, 38500.0, 38500.0, 38500.0, 38500.0, 38500.0, 38500.0, 38500.0, 38500.0, 38500.0, 38500.0, 38500.0, 38500.0, 38500.0, 38500.0, 38500.0, 38500.0, 38500.0, 38500.0, 38500.0, 38500.0, 38500.0, 38500.0, 38500.0, 38500.0, 38500.0, 38500.0, 38500.0, 38500.0, 38500.0, 38500.0, 38500.0, 38500.0, 38500.0, 38500.0, 38500.0, 38500.0, 38500.0, 38500.0, 38500.0, 38500.0, 38500.0, 38500.0, 38500.0, 38500.0, 38500.0, 38500.0, 38500.0, 38500.0, 38500.0, 38500.0, 38500.0, 38500.0, 38500.0, 38500.0, 38500.0, 38500.0, 38500.0, 38500.0, 38500.0, 38500.0, 38500.0, 38500.0, 38500.0, 38500.0, 38500.0, 38500.0, 38500.0, 38500.0, 38500.0, 38500.0, 38500.0, 38500.0, 38500.0, 38500.0, 38500.0, 38500.0, 38500.0, 38500.0, 38500.0, 38500.0, 38500.0, 38500.0, 38500.0, 38500.0, 38500.0, 38500.0, 38500.0, 38500.0, 38500.0, 38500.0, 38500.0, 38500.0, 38500.0, 38500.0, 38500.0, 38500.0, 38500.0, 38500.0, 38500.0, 38500.0, 38500.0, 38500.0, 38500.0, 38500.0, 38500.0, 38500.0, 38500.0, 38500.0, 38500.0, 38500.0, 38500.0, 38500.0, 38500.0, 38500.0, 38500.0, 38500.0, 38500.0, 38500.0, 38500.0, 38500.0, 38500.0, 38500.0, 38500.0, 38500.0, 38500.0, 38500.0, 38500.0, 38500.0, 38500.0, 38500.0, 38500.0, 38500.0, 38500.0, 38500.0, 38500.0, 38500.0, 38500.0, 38500.0, 38500.0, 38500.0, 38500.0, 38500.0, 38500.0, 38500.0, 38500.0, 38500.0, 38500.0, 38500.0, 38500.0, 38500.0, 38500.0, 38500.0, 38500.0, 38500.0, 38500.0, 38500.0, 38500.0, 38500.0, 38500.0, 38500.0, 38500.0, 38500.0, 38500.0, 38500.0, 38500.0, 38500.0, 38500.0, 38500.0, 38500.0, 38500.0, 38500.0, 38500.0, 38500.0, 38500.0, 38500.0, 38500.0, 38500.0, 38500.0, 38500.0, 38500.0, 38500.0, 38500.0, 38500.0, 38500.0, 38500.0, 38500.0, 38500.0, 38500.0, 38500.0, 38500.0, 38500.0, 38500.0, 38500.0, 38500.0, 38500.0, 38500.0, 38500.0, 38500.0, 38500.0, 38500.0, 38500.0, 38500.0, 38500.0, 38500.0, 38500.0, 38500.0, 38500.0, 38500.0, 38500.0, 38500.0, 38500.0, 38500.0, 38500.0, 38500.0, 38500.0, 38500.0, 38500.0, 38500.0, 38500.0, 38500.0, 38500.0, 38500.0, 38500.0, 38500.0, 38500.0, 38500.0, 38500.0, 38500.0, 38500.0, 38500.0, 38500.0, 38500.0, 38500.0, 38500.0, 38500.0, 38500.0, 38500.0, 38500.0, 38500.0, 38500.0, 38500.0, 38500.0, 38500.0, 38500.0, 38500.0, 38500.0, 38500.0, 38500.0, 38500.0, 38500.0, 38500.0, 38500.0, 38500.0, 38500.0, 38500.0, 38500.0, 38500.0, 38500.0, 38500.0, 38500.0, 38500.0, 38500.0, 38500.0, 38500.0, 38501.0, 38500.0, 38500.0, 38500.0, 38500.0, 38500.0, 38500.0, 38500.0, 38500.0, 38500.0, 38500.0, 38500.0, 38500.0, 38500.0, 38500.0, 38500.0, 38500.0, 38500.0, 38500.0, 38500.0, 38500.0, 38500.0, 38500.0, 38500.0, 38500.0, 38500.0, 38500.0, 38500.0, 38500.0, 38500.0, 38500.0, 38500.0, 38500.0, 38500.0, 38500.0, 38500.0, 38500.0, 38500.0, 38500.0, 38500.0, 38500.0, 38500.0, 38500.0, 38500.0, 38500.0, 38500.0, 38500.0, 38500.0, 38500.0, 38500.0, 38500.0, 38500.0, 38500.0, 38500.0, 38500.0, 38500.0, 38500.0, 38500.0, 38500.0, 38500.0, 38500.0, 38500.0, 38500.0, 38500.0, 38500.0, 38500.0, 38500.0, 38500.0, 38500.0, 38500.0, 38500.0, 38500.0, 38500.0, 38500.0, 38500.0, 38500.0, 38500.0, 38500.0, 38500.0, 38500.0, 38500.0, 38500.0, 38500.0, 38500.0, 38500.0, 38500.0, 38500.0, 38500.0, 38500.0, 38500.0, 38500.0, 38500.0, 38500.0, 38500.0, 38500.0, 38500.0, 38500.0, 38507.0, 38500.0]
[38502.0, 38502.0, 38505.0, 38508.0, 38510.0, 38510.0, 38510.0, 38510.0, 38510.0, 38510.0, 38510.0, 38510.0, 38510.0, 38510.0, 38510.0, 38510.0, 38510.0, 38510.0, 38510.0, 38510.0, 38510.0, 38510.0, 38510.0, 38510.0, 38510.0, 38510.0, 38510.0, 38510.0, 38510.0, 38510.0, 38510.0, 38510.0, 38510.0, 38510.0, 38510.0, 38510.0, 38510.0, 38510.0, 38510.0, 38510.0, 38510.0, 38510.0, 38510.0, 38510.0, 38510.0, 38510.0, 38510.0, 38510.0, 38510.0, 38510.0, 38510.0, 38510.0, 38510.0, 38510.0, 38510.0, 38510.0, 38510.0, 38510.0, 38510.0, 38510.0, 38510.0, 38510.0, 38510.0, 38510.0, 38510.0, 38510.0, 38510.0, 38510.0, 38510.0, 38510.0, 38510.0, 38510.0, 38510.0, 38510.0, 38510.0, 38510.0, 38510.0, 38510.0, 38510.0, 38510.0, 38510.0, 38510.0, 38510.0, 38510.0, 38510.0, 38510.0, 38510.0, 38510.0, 38510.0, 38510.0, 38510.0, 38510.0, 38510.0, 38510.0, 38510.0, 38510.0, 38510.0, 38510.0, 38510.0, 38510.0, 38510.0, 38510.0, 38510.0, 38510.0, 38510.0, 38510.0, 38510.0, 38510.0, 38510.0, 38510.0, 38510.0, 38510.0, 38510.0, 38510.0, 38510.0, 38510.0, 38510.0, 38510.0, 38510.0, 38510.0, 38510.0, 38510.0, 38510.0, 38510.0, 38510.0, 38510.0, 38510.0, 38510.0, 38510.0, 38510.0, 38510.0, 38510.0, 38510.0, 38510.0, 38510.0, 38510.0, 38510.0, 38510.0, 38510.0, 38510.0, 38510.0, 38510.0, 38510.0, 38510.0, 38510.0, 38510.0, 38510.0, 38510.0, 38510.0, 38510.0, 38510.0, 38510.0, 38510.0, 38510.0, 38510.0, 38510.0, 38510.0, 38510.0, 38510.0, 38510.0, 38510.0, 38510.0, 38510.0, 38510.0, 38510.0, 38510.0, 38510.0, 38510.0, 38510.0, 38510.0, 38510.0, 38510.0, 38510.0, 38510.0, 38510.0, 38510.0, 38510.0, 38510.0, 38510.0, 38510.0, 38510.0, 38510.0, 38510.0, 38510.0, 38510.0, 38510.0, 38510.0, 38510.0, 38510.0, 38510.0, 38510.0, 38510.0, 38510.0, 38510.0, 38510.0, 38510.0, 38510.0, 38510.0, 38510.0, 38510.0, 38510.0, 38510.0, 38510.0, 38510.0, 38510.0, 38510.0, 38510.0, 38510.0, 38510.0, 38510.0, 38510.0, 38510.0, 38510.0, 38510.0, 38510.0, 38510.0, 38510.0, 38510.0, 38510.0, 38510.0, 38510.0, 38510.0, 38510.0, 38510.0, 38510.0, 38510.0, 38510.0, 38510.0, 38510.0, 38510.0, 38510.0, 38510.0, 38510.0, 38510.0, 38510.0, 38510.0, 38510.0, 38510.0, 38510.0, 38510.0, 38510.0, 38510.0, 38510.0, 38510.0, 38510.0, 38510.0, 38510.0, 38510.0, 38510.0, 38510.0, 38510.0, 38510.0, 38510.0, 38510.0, 38510.0, 38510.0, 38510.0, 38510.0, 38510.0, 38510.0, 38510.0, 38510.0, 38510.0, 38510.0, 38510.0, 38510.0, 38510.0, 38510.0, 38510.0, 38510.0, 38510.0, 38510.0, 38510.0, 38510.0, 38510.0, 38510.0, 38510.0, 38510.0, 38510.0, 38510.0, 38510.0, 38510.0, 38510.0, 38510.0, 38510.0, 38510.0, 38510.0, 38510.0, 38510.0, 38510.0, 38510.0, 38510.0, 38510.0, 38510.0, 38510.0, 38510.0, 38510.0, 38510.0, 38510.0, 38510.0, 38510.0, 38510.0, 38510.0, 38510.0, 38510.0, 38510.0, 38510.0, 38510.0, 38510.0, 38510.0, 38510.0, 38510.0, 38510.0, 38510.0, 38510.0, 38510.0, 38510.0, 38510.0, 38510.0, 38510.0, 38510.0, 38510.0, 38510.0, 38510.0, 38510.0, 38510.0, 38510.0, 38510.0, 38510.0, 38510.0, 38510.0, 38510.0, 38510.0, 38510.0, 38510.0, 38510.0, 38510.0, 38510.0, 38510.0, 38510.0, 38510.0, 38510.0, 38510.0, 38510.0, 38510.0, 38510.0, 38510.0, 38510.0, 38510.0, 38510.0, 38510.0, 38510.0, 38510.0, 38510.0, 38510.0, 38510.0, 38510.0, 38510.0, 38510.0, 38510.0, 38510.0, 38510.0, 38510.0, 38510.0, 38510.0, 38510.0, 38510.0, 38510.0, 38510.0, 38510.0, 38510.0, 38510.0, 38510.0, 38510.0, 38510.0, 38510.0, 38510.0, 38510.0, 38510.0, 38510.0, 38510.0, 38510.0, 38510.0, 38510.0, 38510.0, 38510.0, 38510.0, 38510.0, 38510.0, 38510.0, 38510.0, 38510.0, 38510.0, 38510.0, 38510.0, 38510.0, 38510.0, 38510.0, 38510.0, 38510.0, 38510.0, 38510.0, 38510.0, 38510.0, 38510.0, 38510.0, 38510.0, 38510.0, 38510.0, 38510.0, 38510.0, 38510.0, 38510.0, 38510.0, 38510.0, 38510.0, 38510.0, 38510.0, 38510.0, 38510.0, 38510.0, 38510.0, 38510.0, 38510.0, 38510.0, 38510.0, 38510.0, 38510.0, 38510.0, 38510.0, 38510.0, 38510.0, 38510.0, 38510.0, 38510.0, 38510.0, 38510.0, 38510.0, 38510.0, 38510.0, 38510.0, 38510.0, 38510.0, 38510.0, 38510.0, 38510.0, 38510.0, 38510.0, 38510.0, 38510.0, 38510.0, 38510.0, 38510.0, 38510.0, 38510.0, 38510.0, 38510.0, 38510.0, 38510.0, 38510.0, 38510.0, 38510.0, 38510.0, 38510.0, 38510.0, 38510.0, 38510.0, 38510.0, 38510.0, 38510.0, 38510.0, 38510.0, 38510.0, 38510.0, 38510.0, 38510.0, 38510.0, 38510.0, 38510.0, 38510.0, 38510.0, 38510.0, 38510.0, 38510.0, 38510.0, 38510.0, 38510.0, 38510.0, 38510.0, 38510.0, 38510.0, 38510.0, 38510.0, 38510.0, 38510.0, 38510.0, 38510.0, 38510.0, 38510.0, 38510.0, 38510.0, 38510.0, 38510.0, 38510.0, 38510.0, 38510.0, 38510.0, 38510.0, 38510.0, 38510.0, 38510.0, 38510.0, 38510.0, 38510.0, 38510.0, 38510.0, 38510.0, 38510.0, 38510.0, 38510.0, 38510.0, 38510.0, 38510.0, 38510.0, 38510.0, 38510.0, 38510.0, 38510.0, 38510.0, 38510.0, 38510.0, 38510.0, 38510.0, 38510.0, 38510.0, 38510.0, 38510.0, 38510.0, 38510.0, 38510.0, 38510.0, 38510.0, 38510.0, 38510.0, 38510.0, 38510.0, 38510.0, 38510.0, 38510.0, 38510.0, 38510.0]
[4, 1, 4, 4, 4, 4, 3, 3, 3, 3, 3, 3, 3, 3, 2, 3, 3, 3, 2, 1, 1, 1, 1, 1, 1, 1, 4, 3, 3, 3, 3, 3, 3, 3, 3, 3, 3, 1, 1, 1, 1, 1, 1, 1, 1, 1, 1, 1, 1, 1, 1, 1, 1, 1, 1, 1, 1, 1, 1, 1, 1, 1, 1, 1, 1, 1, 1, 1, 1, 1, 1, 1, 1, 1, 1, 1, 1, 1, 1, 1, 1, 1, 1, 1, 1, 1, 1, 1, 1, 1, 1, 1, 1, 1, 1, 1, 1, 1, 1, 1, 1, 1, 1, 1, 1, 1, 1, 1, 1, 1, 1, 1, 1, 1, 1, 1, 1, 1, 1, 1, 1, 1, 1, 1, 1, 1, 1, 1, 1, 1, 1, 1, 1, 1, 1, 1, 1, 1, 1, 1, 1, 1, 1, 1, 1, 1, 1, 1, 1, 1, 1, 1, 1, 1, 1, 1, 1, 1, 1, 1, 1, 1, 1, 1, 1, 1, 1, 1, 1, 1, 1, 1, 1, 1, 1, 1, 1, 1, 1, 1, 1, 1, 1, 1, 1, 1, 1, 1, 4, 1, 1, 1, 1, 1, 1, 1, 1, 1, 1, 1, 1, 1, 1, 1, 1, 1, 1, 1, 1, 1, 1, 1, 1, 1, 1, 1, 1, 1, 1, 1, 1, 1, 1, 1, 1, 1, 1, 1, 1, 1, 1, 1, 1, 1, 1, 1, 1, 1, 1, 1, 1, 1, 1, 1, 1, 1, 1, 1, 1, 1, 1, 1, 1, 1, 1, 1, 1, 1, 1, 1, 1, 1, 1, 1, 1, 1, 1, 1, 1, 1, 1, 1, 1, 1, 1, 1, 1, 1, 1, 1, 1, 1, 1, 1, 1, 1, 1, 1, 1, 1, 1, 1, 1, 1, 1, 1, 1, 1, 1, 1, 1, 1, 1, 1, 4, 4, 4, 4, 4, 4, 4, 4, 4, 4, 4, 4, 4, 4, 4, 4, 4, 4, 4, 4, 4, 4, 4, 4, 4, 4, 4, 4, 4, 4, 4, 4, 4, 4, 4, 4, 4, 4, 4, 4, 4, 4, 4, 4, 4, 4, 4, 4, 4, 4, 4, 4, 4, 4, 4, 4, 4, 4, 4, 4, 4, 4, 4, 4, 4, 4, 4, 4, 4, 4, 4, 4, 4, 4, 4, 4, 4, 4, 4, 4, 4, 4, 4, 4, 4, 4, 4, 4, 4, 4, 4, 4, 4, 4, 4, 4, 4, 4, 4, 4, 4, 4, 4, 4, 4, 4, 4, 4, 4, 4, 4, 4, 4, 4, 4, 4, 4, 4, 4, 4, 4, 4, 4, 4, 4, 4, 4, 4, 4, 4, 4, 4, 4, 4, 4, 4, 4, 4, 4, 4, 4, 4, 4, 4, 4, 4, 4, 4, 4, 4, 4, 4, 4, 4, 4, 4, 4, 4, 4, 4, 4, 4, 4, 4, 4, 4, 4, 4, 4, 4, 4, 4, 4, 4, 4, 4, 4, 4, 4, 4, 4, 4, 4, 4, 4, 4, 4, 4, 4, 4, 4, 4, 4, 4, 4, 4, 4, 4, 4, 3, 4, 4, 4, 4, 4, 4, 4, 4, 4, 4, 4, 4, 4, 4, 4, 4, 4, 4, 4, 4, 4, 4, 4, 4, 4, 4, 4, 4, 4, 4, 4, 4, 4, 4, 4, 4, 4, 4, 4, 4, 4, 4, 4, 4, 4, 4, 4]
