Filas Densidad de menos a mas, columnas Beconing 1,2,5 y 10 HzPromedio PDR:
[[1.0], [], [], []]
[[], [], [], []]
[[], [], [], []]
[[], [], [], []]
Promedio CBR:
[[0.005267186386684304], [], [], []]
[[], [], [], []]
[[], [], [], []]
[[], [], [], []]
STD PDR:
[[0.0], [], [], []]
[[], [], [], []]
[[], [], [], []]
[[], [], [], []]
STD CBR:
[[0.0016535371072840062], [], [], []]
[[], [], [], []]
[[], [], [], []]
[[], [], [], []]
[23500.0, 23500.0, 23500.0, 23500.0, 23500.0, 23500.0, 23500.0, 23500.0, 23500.0, 23500.0, 23507.0, 23500.0, 23500.0, 23500.0, 23500.0, 23500.0, 23500.0, 23500.0, 23500.0, 23500.0, 23500.0, 23500.0, 23507.0, 23500.0, 23502.0, 23500.0, 23500.0, 23504.0, 23500.0, 23500.0, 23500.0, 23508.0, 23500.0, 23502.0, 23506.0, 23500.0]
[23502.0, 23502.0, 23503.0, 23504.0, 23505.0, 23508.0, 23508.0, 23509.0, 23510.0, 23510.0, 23510.0, 23510.0, 23510.0, 23510.0, 23510.0, 23510.0, 23510.0, 23510.0, 23510.0, 23510.0, 23510.0, 23510.0, 23510.0, 23510.0, 23510.0, 23510.0, 23510.0, 23510.0, 23510.0, 23510.0, 23510.0, 23510.0, 23510.0, 23510.0, 23510.0, 23510.0]
[4, 4, 1, 4, 1, 2, 1, 4, 4, 4, 4, 3, 3, 3, 3, 2, 3, 3, 3, 3, 1, 1, 1, 1, 4, 3, 3, 4, 3, 1, 4, 1, 1, 4, 4, 4]
