Filas Densidad de menos a mas, columnas Beconing 1,2,5 y 10 HzPromedio PDR:
[[0.9972625877785296], [1.0], [1.0], [0.989660186073326]]
[[0.9957672233125461], [0.9927845076992898], [0.9631333736257257], [0.8313624147788891]]
[[0.9951000438720028], [0.9771673198826003], [0.8635079171345247], [0.5508881389101025]]
[[0.9847238823548496], [0.9437473654969254], [0.7204379472391294], [0.3294765312387511]]
Promedio CBR:
[[0.10849128112449798], [0.19468591928251125], [0.5326711475409835], [0.9814464816508147]]
[[0.5655266322104421], [1.1275980889067594], [2.807862543491867], [5.108695587726589]]
[[1.087035654062973], [2.136492102711249], [4.979751125266067], [7.4730441984902365]]
[[1.6431205101563882], [3.185418712546293], [6.620216149515224], [8.149040649518026]]
STD PDR:
[[0.006317198071277161], [0.0], [0.0], [0.011839485237662612]]
[[0.004906364796856597], [0.0054696891551469715], [0.014118314807502013], [0.026076820056452933]]
[[0.003761982823089477], [0.007424949922928642], [0.020401103746946377], [0.03479038842718995]]
[[0.0037137445588142776], [0.008508997114072436], [0.023664074238788104], [0.03324575524271776]]
STD CBR:
[[0.034470546456901945], [0.0636785472284311], [0.18420468036551135], [0.34582866574782345]]
[[0.08828510173422603], [0.16661307699414335], [0.4973473881127073], [0.8521706022907222]]
[[0.12167605757924893], [0.22546253342891281], [0.5599727700766997], [0.8070089054880177]]
[[0.11778732656322907], [0.2518917347812982], [0.4799397479899368], [0.6479357228294093]]
