Filas Densidad de menos a mas, columnas Beconing 1,2,5 y 10 HzPromedio PDR:
[[1.0], [], [], []]
[[], [], [], []]
[[], [], [], []]
[[], [], [], []]
Promedio CBR:
[[0.004987675617283951], [], [], []]
[[], [], [], []]
[[], [], [], []]
[[], [], [], []]
STD PDR:
[[0.0], [], [], []]
[[], [], [], []]
[[], [], [], []]
[[], [], [], []]
STD CBR:
[[0.0013129985740977061], [], [], []]
[[], [], [], []]
[[], [], [], []]
[[], [], [], []]
[31000.0, 31000.0, 31000.0, 31003.0, 31000.0, 31000.0, 31000.0, 31002.0, 31000.0, 31000.0, 31000.0, 31000.0, 31000.0, 31000.0, 31000.0, 31000.0, 31000.0, 31000.0, 31000.0, 31000.0, 31001.0, 31000.0, 31000.0, 31000.0, 31000.0, 31008.0, 31000.0, 31000.0, 31000.0, 31000.0, 31000.0, 31008.0, 31000.0, 31000.0, 31000.0, 31000.0, 31008.0, 31000.0, 31000.0, 31000.0, 31007.0, 31000.0, 31009.0, 31000.0, 31005.0]
[31002.0, 31002.0, 31003.0, 31005.0, 31005.0, 31006.0, 31007.0, 31007.0, 31009.0, 31010.0, 31010.0, 31010.0, 31010.0, 31010.0, 31010.0, 31010.0, 31010.0, 31010.0, 31010.0, 31010.0, 31010.0, 31010.0, 31010.0, 31010.0, 31010.0, 31010.0, 31010.0, 31010.0, 31010.0, 31010.0, 31010.0, 31010.0, 31010.0, 31010.0, 31010.0, 31010.0, 31010.0, 31010.0, 31010.0, 31010.0, 31010.0, 31010.0, 31010.0, 31010.0, 31010.0]
[4, 1, 1, 4, 4, 4, 1, 4, 4, 4, 4, 3, 3, 2, 3, 3, 3, 3, 3, 3, 3, 3, 2, 1, 4, 4, 3, 3, 3, 3, 3, 4, 3, 3, 3, 3, 1, 1, 1, 3, 4, 3, 3, 3, 4]
