Filas Densidad de menos a mas, columnas Beconing 1,2,5 y 10 HzPromedio PDR:
[[1.0], [], [], []]
[[], [], [], []]
[[], [], [], []]
[[], [], [], []]
Promedio CBR:
[[0.0034893014652014657], [], [], []]
[[], [], [], []]
[[], [], [], []]
[[], [], [], []]
STD PDR:
[[0.0], [], [], []]
[[], [], [], []]
[[], [], [], []]
[[], [], [], []]
STD CBR:
[[0.0018102531782178452], [], [], []]
[[], [], [], []]
[[], [], [], []]
[[], [], [], []]
[21000.0, 21000.0, 21000.0, 21002.0, 21003.0, 21000.0, 21000.0, 21000.0, 21000.0, 21000.0, 21000.0, 21000.0, 21000.0, 21000.0, 21000.0, 21009.0, 21000.0, 21009.0, 21000.0, 21000.0, 21000.0, 21000.0, 21000.0, 21000.0, 21003.0, 21009.0]
[21002.0, 21003.0, 21004.0, 21005.0, 21005.0, 21007.0, 21007.0, 21008.0, 21008.0, 21010.0, 21010.0, 21010.0, 21010.0, 21010.0, 21010.0, 21010.0, 21010.0, 21010.0, 21010.0, 21010.0, 21010.0, 21010.0, 21010.0, 21010.0, 21010.0, 21010.0]
[1, 4, 1, 4, 4, 4, 4, 1, 4, 3, 3, 2, 3, 1, 1, 1, 1, 4, 4, 3, 1, 4, 4, 4, 4, 4]
