Filas Densidad de menos a mas, columnas Beconing 1,2,5 y 10 HzPromedio PDR:
[[0.8654912022155908], [0.8616271036015288], [0.8411713976796562], [0.8378115271562594]]
[[0.8936375858505483], [0.883719094170653], [0.9110577115819203], [0.857238734390732]]
[[0.9496919443616982], [0.926028318356899], [0.89911858822504], [0.7824706905747228]]
[[0.9732149364045741], [0.9467093609468915], [0.8611097581294315], [0.696442833301333]]
Promedio CBR:
[[0.0008698821405228759], [0.0017406641861850325], [0.006107561103263765], [0.012620158887251941]]
[[0.0068713497020953425], [0.013399237334635515], [0.03736432380294872], [0.07356855487189694]]
[[0.01566743747630353], [0.030767541354059635], [0.07765933419250752], [0.1432408055082282]]
[[0.0257366870204798], [0.05108984286396726], [0.1171330106818622], [0.2010621634273534]]
STD PDR:
[[0.2286578406633056], [0.2297565987939423], [0.2714610613145504], [0.2754871029731717]]
[[0.21476080143615822], [0.21899442655191176], [0.17238361145884498], [0.15755053151629375]]
[[0.15106787113149972], [0.15118787656828714], [0.1073025769016769], [0.09549497900179281]]
[[0.05683149702961439], [0.06940975421786656], [0.06755428427926098], [0.052265795018918225]]
STD CBR:
[[0.0003165845415401063], [0.0006281062323748147], [0.0020057174279604845], [0.00390355418994932]]
[[0.00177403136095693], [0.0030316557997442533], [0.008251623321974802], [0.01627534909127408]]
[[0.0026320584784223114], [0.005115705472916481], [0.0129083663474471], [0.023887223748478317]]
[[0.003774719986107302], [0.00603870473325179], [0.014823486247616454], [0.025917029777481962]]
