Filas Densidad de menos a mas, columnas Beconing 1,2,5 y 10 Hz 
 Cálculo realizado con paquetes generados en la capa MAC 
Promedio PDR:
[[0.9133887085659589], [0.8161346942586544], [0.8923320018332822], [0.8321552346347071]]
[[0.9923049898532511], [0.9868628916815784], [0.9819998862182521], [0.8419348438601757]]
[[0.9746073871064256], [0.9453276933265006], [0.8460677029373954], [0.5406387806960467]]
[[0.9775314625322509], [0.9346657739605664], [0.7107536514693891], [0.32840984910663507]]
Promedio CBR:
[[0.013645963138267355], [0.024858993127624747], [0.06815806834666926], [0.12700372164217266]]
[[0.05992367268021816], [0.11811305583948414], [0.3004044722231322], [0.5476165084140562]]
[[0.1114557432057542], [0.2185533825993645], [0.5109981349611102], [0.7664633588711365]]
[[0.16619372998338583], [0.3231227644296172], [0.6694738116932367], [0.8262012705460707]]
STD PDR:
[[0.04019233697465388], [0.06815769904958308], [0.1084255521504353], [0.035826661329035746]]
[[0.026254269778066705], [0.01532861825401545], [0.02503873749118952], [0.021579706332986604]]
[[0.008011225998604363], [0.01242736303879581], [0.017901642959185258], [0.009434575955814227]]
[[0.0037385753483510325], [0.012209757283069713], [0.006805442959298427], [0.002209690375554556]]
STD CBR:
[[0.0024429755103145233], [0.005372585334929717], [0.01582187242566104], [0.02803604106194235]]
[[0.006758466940036085], [0.010167969192929983], [0.03143244053391312], [0.09767829659604772]]
[[0.005749627267732607], [0.014846653775049146], [0.03057649183353222], [0.05376003853379566]]
[[0.007393437825087057], [0.01754941391069622], [0.035094184294316835], [0.03584308712943016]]
Número estimado real de paquetes enviados
[[421.8], [753.2], [2053.0], [3882.0]]
[[1933.0], [3856.4], [9886.0], [19611.4]]
[[3653.2], [7217.2], [18260.0], [36512.4]]
[[5499.6], [10972.0], [27303.8], [55023.6]]
Número deseado de paquetes enviados
[[450.0], [900.0], [2250.0], [4500.0]]
[[1930.0], [3860.0], [9650.0], [19300.0]]
[[3720.0], [7440.0], [18600.0], [37200.0]]
[[5530.0], [11060.0], [27650.0], [55300.0]]
Cálculo realizado con estimación de los paquetes enviados deseados 
 Promedio CBR:
[[0.8576691358024691], [0.6876641975308642], [0.826153086419753], [0.7194972839506172]]
[[0.9945673709361327], [0.9861652661816424], [1.0068714864828585], [0.8557007167977664]]
[[0.957153283616603], [0.9171639784946237], [0.8306991559717887], [0.530540654989016]]
[[0.9721653057954475], [0.9273042977806408], [0.7018372513562386], [0.326763057987175]]
STD PDR:
[[0.07274448139368225], [0.1124549403300426], [0.19536803479578346], [0.07011260624798461]]
[[0.05319889341826173], [0.03034932341625122], [0.06082776385868338], [0.031276122090851434]]
[[0.013855340575806403], [0.02403116544501614], [0.0232934395191304], [0.006723433402418116]]
[[0.0062866044118471175], [0.017979963079837433], [0.005614693045835878], [0.0021414034445555643]]
