Filas Densidad de menos a mas, columnas Beconing 1,2,5 y 10 Hz 
 Cálculo realizado con paquetes generados en la capa MAC 
Promedio PDR:
[[0.4726163184509538], [0.4192511935494402], [0.45851248479385165], [0.41443777820262506]]
[[0.8045006353787532], [0.7803094855903316], [0.7033382324195621], [0.4593101814212802]]
[[0.8538958422304799], [0.7881404322252953], [0.5098975273082231], [0.18376511123488629]]
[[0.8764617111085844], [0.7488710897526487], [0.32160870204798464], [0.09030504340032297]]
Promedio CBR:
[[0.0061398530893749855], [0.011151834576036754], [0.03055625202951578], [0.05395443886624653]]
[[0.04331964875192257], [0.08511288185755683], [0.19205691647256293], [0.30930920077814744]]
[[0.08916577964946656], [0.16857054907065047], [0.3159041420694963], [0.3547472487901316]]
[[0.13770308618716406], [0.24424138637284798], [0.3556591626463761], [0.36202341128173443]]
STD PDR:
[[0.04809258315978872], [0.03875619115675753], [0.05409044179962194], [0.0277941943639753]]
[[0.0244854791626609], [0.015256070008792177], [0.06074197702933218], [0.011384278301938439]]
[[0.01089370621045893], [0.012845981093953318], [0.013170973461582027], [0.007840588157696522]]
[[0.011914612245299326], [0.014072815505438633], [0.0092496883787221], [0.0022172625520967514]]
STD CBR:
[[0.002411028717779514], [0.004371176292186854], [0.01174301488107028], [0.022664896582129276]]
[[0.012496748208539785], [0.024187099556096263], [0.058707207186130816], [0.08884283280303597]]
[[0.02041804187612554], [0.03592653132159272], [0.06664998365754664], [0.06773385201096953]]
[[0.01946621491660149], [0.035869248704528116], [0.04979035998249633], [0.043921265252084646]]
Número estimado real de paquetes enviados
[[375.2], [686.6], [1818.6], [3489.2]]
[[1758.8], [3508.6], [8753.2], [17768.0]]
[[3357.6], [6557.4], [16320.6], [32485.2]]
[[4996.6], [9873.0], [24537.0], [50355.2]]
Número deseado de paquetes enviados
[[450.0], [900.0], [2250.0], [4500.0]]
[[1930.0], [3860.0], [9650.0], [19300.0]]
[[3720.0], [7440.0], [18600.0], [37200.0]]
[[5530.0], [11060.0], [27650.0], [55300.0]]
Cálculo realizado con estimación de los paquetes enviados deseados 
 Promedio CBR:
[[0.3952098765432098], [0.322162962962963], [0.37598617283950614], [0.32218074074074077]]
[[0.733113372171065], [0.7093492442750141], [0.6381334264007087], [0.42275497328787354]]
[[0.7708157012371372], [0.6945396144062899], [0.4471768701583998], [0.16032154006243496]]
[[0.7919435987822465], [0.6684898743987261], [0.28524042130872534], [0.08220761324879254]]
STD PDR:
[[0.05450287841504403], [0.056456669123254234], [0.09412663849635113], [0.03833643097243553]]
[[0.026332199126991435], [0.01978011281985526], [0.058206958101678245], [0.009645820866409903]]
[[0.01967571466130814], [0.005604427453533123], [0.006046593826223912], [0.004136134529013499]]
[[0.013319732848119383], [0.012806462100402764], [0.0028124690385444885], [0.0011440279514935]]
