Filas Densidad de menos a mas, columnas Beconing 1,2,5 y 10 Hz 
 Cálculo realizado con paquetes generados en la capa MAC 
Promedio PDR:
[[0.47183181080586634], [0.4181109485859854], [0.4582020510692649], [0.40964514607100355]]
[[0.8123950376929961], [0.7864384346568577], [0.6786543744851428], [0.4102838069377143]]
[[0.8515317601984129], [0.7788044170984059], [0.460640210310272], [0.14868356786112724]]
[[0.868186514344733], [0.7209198362191226], [0.2734918734028953], [0.07718679303290596]]
Promedio CBR:
[[0.006775891911320817], [0.012067621485329373], [0.033836543013203615], [0.05826894878759243]]
[[0.04749741518150778], [0.09322197750531656], [0.2113037701518184], [0.3183998158113482]]
[[0.0959243309169229], [0.1826042674996516], [0.329446068767605], [0.35628383967201704]]
[[0.14911594807601364], [0.26202742003974683], [0.3574648671753656], [0.36227116394061293]]
STD PDR:
[[0.047044002607217895], [0.03909699490089513], [0.058551491202574996], [0.031841675773560944]]
[[0.024639131174731765], [0.017292560658656243], [0.04519066052271167], [0.006625724187758659]]
[[0.009996643359253222], [0.016398085360734616], [0.0014160342769617487], [0.0022504490006726814]]
[[0.014682298743533544], [0.010922191417259145], [0.000633774392680711], [0.0006456439910819821]]
STD CBR:
[[0.002675400018749349], [0.004722678141547438], [0.012973450518736235], [0.024164511910193868]]
[[0.013883192347729459], [0.02681145004658032], [0.06518537995348485], [0.09130301512245839]]
[[0.02193773639502871], [0.038966644601466205], [0.06923463965797244], [0.06753488038363044]]
[[0.021142243627710836], [0.03855789692699671], [0.049878468321180126], [0.04392882520247226]]
Número estimado real de paquetes enviados
[[416.2], [747.4], [2030.8], [3833.6]]
[[1914.6], [3818.8], [9778.6], [19403.0]]
[[3615.6], [7140.2], [18076.0], [36133.8]]
[[5443.4], [10866.6], [27023.8], [54454.6]]
Número deseado de paquetes enviados
[[450.0], [900.0], [2250.0], [4500.0]]
[[1930.0], [3860.0], [9650.0], [19300.0]]
[[3720.0], [7440.0], [18600.0], [37200.0]]
[[5530.0], [11060.0], [27650.0], [55300.0]]
Cálculo realizado con estimación de los paquetes enviados deseados 
 Promedio CBR:
[[0.4376296296296296], [0.3496444444444445], [0.4194528395061729], [0.35041580246913584]]
[[0.8063964133265322], [0.7782565974925502], [0.6888065719885098], [0.41249595962307717]]
[[0.8276835472308937], [0.7472392039542143], [0.4476649901722743], [0.1444097583535669]]
[[0.8545671317717922], [0.7083379822045787], [0.2672966851858513], [0.07600400249829142]]
STD PDR:
[[0.05767854726685491], [0.06025807344524905], [0.09702672389011834], [0.04679974132493774]]
[[0.04260618864688996], [0.027743716832986768], [0.06503114254564533], [0.010314225964458633]]
[[0.01451012367427505], [0.009306509436004903], [0.004977474902729816], [0.0025361301912116578]]
[[0.013316119444313766], [0.013177036942657556], [0.0011602714380233936], [0.00038604644255903876]]
