Filas Densidad de menos a mas, columnas Beconing 1,2,5 y 10 Hz 
 Cálculo realizado con paquetes generados en la capa MAC 
Promedio PDR:
[[0.45083117785314464], [0.45083117785314464], [0.45083117785314464], [0.45083117785314464]]
[[0.7246662675660744], [0.7246662675660744], [0.7246662675660744], [0.7246662675660744]]
[[0.6851915445774971], [0.6851915445774971], [0.6851915445774971], [0.6851915445774971]]
[[0.5816922124161124], [0.5816922124161124], [0.5816922124161124], [0.5816922124161124]]
Promedio CBR:
[[0.021371128543055676], [0.021371128543055676], [0.021371128543055676], [0.021371128543055676]]
[[0.13036415032043894], [0.13036415032043894], [0.13036415032043894], [0.13036415032043894]]
[[0.2349228753942251], [0.2349228753942251], [0.2349228753942251], [0.2349228753942251]]
[[0.3134420421193436], [0.3134420421193436], [0.3134420421193436], [0.3134420421193436]]
STD PDR:
[[0.050316402502087805], [0.050316402502087805], [0.050316402502087805], [0.050316402502087805]]
[[0.016122120563135414], [0.016122120563135414], [0.016122120563135414], [0.016122120563135414]]
[[0.024398430334659587], [0.024398430334659587], [0.024398430334659587], [0.024398430334659587]]
[[0.005582379568433515], [0.005582379568433515], [0.005582379568433515], [0.005582379568433515]]
STD CBR:
[[0.007754142097511289], [0.007754142097511289], [0.007754142097511289], [0.007754142097511289]]
[[0.04253448586271029], [0.04253448586271029], [0.04253448586271029], [0.04253448586271029]]
[[0.05093910667358888], [0.05093910667358888], [0.05093910667358888], [0.05093910667358888]]
[[0.0437709268005868], [0.0437709268005868], [0.0437709268005868], [0.0437709268005868]]
Número estimado real de paquetes enviados
[[1389.6], [1389.6], [1389.6], [1389.6]]
[[5704.0], [5704.0], [5704.0], [5704.0]]
[[10146.8], [10146.8], [10146.8], [10146.8]]
[[14942.4], [14942.4], [14942.4], [14942.4]]
Número deseado de paquetes enviados
[[450.0], [900.0], [2250.0], [4500.0]]
[[1930.0], [3860.0], [9650.0], [19300.0]]
[[3720.0], [7440.0], [18600.0], [37200.0]]
[[5530.0], [11060.0], [27650.0], [55300.0]]
Cálculo realizado con estimación de los paquetes enviados deseados 
 Promedio CBR:
[[1.3928790123456791], [0.6964395061728396], [0.2785758024691358], [0.1392879012345679]]
[[2.1404494080378], [1.0702247040189], [0.4280898816075599], [0.21404494080377995]]
[[1.8681752225690829], [0.9340876112845414], [0.3736350445138167], [0.18681752225690834]]
[[1.57169651645308], [0.78584825822654], [0.314339303290616], [0.157169651645308]]
STD PDR:
[[0.16628478653561835], [0.08314239326780917], [0.033256957307123663], [0.016628478653561832]]
[[0.05234643481187642], [0.02617321740593821], [0.010469286962375274], [0.005234643481187637]]
[[0.055980063941977375], [0.027990031970988687], [0.011196012788395462], [0.005598006394197731]]
[[0.00992632103321136], [0.00496316051660568], [0.001985264206642279], [0.0009926321033211394]]
