Filas Densidad de menos a mas, columnas Beconing 1,2,5 y 10 Hz 
 Cálculo realizado con paquetes generados en la capa MAC 
Promedio PDR:
[[0.475381127457173], [0.4204080501333124], [0.4676364026319114], [0.4210043708684257]]
[[0.8207292671725048], [0.8068063377149766], [0.8044250760413597], [0.7165090446209408]]
[[0.8771140305294691], [0.8606463507611055], [0.7930444259197568], [0.5140959390495885]]
[[0.9323781894324666], [0.9015514888827569], [0.6995424674535333], [0.3070724163187133]]
Promedio CBR:
[[0.006903298078026391], [0.01218393639852603], [0.03458016365164609], [0.05999871083625719]]
[[0.04822470455055414], [0.09491028564171573], [0.23636442579556152], [0.4465806491387597]]
[[0.09867870762511151], [0.19537087913958287], [0.4665928190630288], [0.714628610966913]]
[[0.15761053248199489], [0.30806918152113383], [0.6488931027440151], [0.7847263876638146]]
STD PDR:
[[0.04895709870944319], [0.03656872357758273], [0.06279722377368722], [0.034470527147996984]]
[[0.01822642089976811], [0.019774790248080636], [0.040788731949402496], [0.02628759413437172]]
[[0.011051192799046212], [0.001982529366333042], [0.010137819933948692], [0.004019503523449323]]
[[0.008223344071341784], [0.010794474275161498], [0.008487949294679763], [0.0019280310324740597]]
STD CBR:
[[0.002776859773623217], [0.004748141173919108], [0.013489304989994911], [0.025316606879712843]]
[[0.014162728122707158], [0.02721115992092819], [0.07439611914197602], [0.1373387151683317]]
[[0.022630509255018142], [0.041922349712217984], [0.10210104347477625], [0.14660901883953464]]
[[0.022482051723728306], [0.0459561186247809], [0.09599616458738672], [0.10419461590727891]]
Número estimado real de paquetes enviados
[[421.8], [753.2], [2053.0], [3882.0]]
[[1933.2], [3856.4], [9886.0], [19611.4]]
[[3653.2], [7217.2], [18259.8], [36511.6]]
[[5499.4], [10973.8], [27303.8], [55020.6]]
Número deseado de paquetes enviados
[[450.0], [900.0], [2250.0], [4500.0]]
[[1930.0], [3860.0], [9650.0], [19300.0]]
[[3720.0], [7440.0], [18600.0], [37200.0]]
[[5530.0], [11060.0], [27650.0], [55300.0]]
Cálculo realizado con estimación de los paquetes enviados deseados 
 Promedio CBR:
[[0.4469925925925926], [0.35411851851851855], [0.4332562962962963], [0.36456296296296303]]
[[0.8224843619962952], [0.8063188273510699], [0.8251783403581305], [0.7283174850331553]]
[[0.861429211469534], [0.8348664585501213], [0.7785323447797434], [0.5045244681466066]]
[[0.927240270888038], [0.894585182254283], [0.6907617369011376], [0.3055115774879091]]
STD PDR:
[[0.06151557664357208], [0.05853024500936739], [0.1038395978094125], [0.04818529929796732]]
[[0.03834525076414079], [0.03141934181031442], [0.06645105585128602], [0.03457470289287889]]
[[0.01620558408497611], [0.011272198356343034], [0.0122217741638024], [0.004648070055913343]]
[[0.010794092135212346], [0.01594631562394726], [0.007079046585455715], [0.0008886895068524255]]
